14.7185939173333
61.2654664721667
NA
66.7802197802
75.3802197802
114.3802197802
11.0802197802
106.4802197802
55.1802197802
53.9802197802
114.5802197802
86.4802197802
11.5802197802
12.3802197802
14.2802197802
85.3802197802
43.5802197802
115.3802197802
15.1802197802
92.5802197802
9.7802197802
105.0802197802
29.6802197802
109.8802197802
65.1802197802
115.8802197802
22.2802197802
39.7802197802
79.8802197802
47.2802197802
10.6802197802
112.2802197802
98.6802197802
42.9802197802
13.5802197802
127.3802197802
16.6802197802
75.1802197802
58.6802197802
10.6802197802
100.1802197802
16.2802197802
113.3802197802
11.1802197802
94.2802197802
77.8802197802
11.6802197802
11.0802197802
69.3802197802
83.9802197802
95.0802197802
109.4802197802
13.5802197802
80.3802197802
46.3802197802
106.6802197802
19.1802197802
47.9802197802
19.3802197802
132.6802197802
95.5802197802
66.8802197802
12.0802197802
12.4802197802
43.3802197802
27.7802197802
53.3802197802
10.4802197802
11.7802197802
140.0802197802
126.5802197802
63.0802197802
142.5802197802
91.3802197802
131.2802197802
59.4802197802
13.7802197802
87.7802197802
85.0802197802
9.8802197802
13.9802197802
94.3802197802
80.1802197802
45.1802197802
89.7802197802
13.8802197802
90.7802197802
98.3802197802
32.4802197802
137.5802197802
11.1802197802
40.8802197802
118.6802197802
16.7802197802
62.2802197802
58.2802197802
14.2802197802
12.0802197802
99.5802197802
66.3802197802
29.5802197802
72.8802197802
11.2802197802
124.0802197802
61.3802197802
58.2802197802
48.0802197802
64.8802197802
102.5802197802
40.7802197802
11.8802197802
35.2802197802
10.1802197802
122.3802197802
53.9802197802
13.7802197802
11.5802197802
61.5802197802
13.4802197802
72.0802197802
93.6802197802
101.2802197802
78.5802197802
13.9802197802
28.1802197802
80.4802197802
106.4802197802
44.7802197802
46.5802197802
130.2802197802
65.2802197802
71.8802197802
72.6802197802
120.2802197802
113.7802197802
126.5802197802
129.9802197802
133.2802197802
67.0802197802
113.0802197802
91.6802197802
14.8802197802
118.4802197802
29.6802197802
124.3802197802
48.2802197802
38.9802197802
78.3802197802
18.2802197802
57.7802197802
91.0802197802
83.6802197802
13.2802197802
101.2802197802
96.7802197802
96.9802197802
36.9802197802
154.5802197802
60.0802197802
119.6802197802
145.8802197802
136.2802197802
70.0802197802
24.6802197802
147.7802197802
12.0802197802
58.3802197802
13.6802197802
12.1802197802
33.3802197802
10.7802197802
13.5802197802
13.8802197802
93.4802197802
128.1802197802
113.2802197802
95.9802197802
124.6802197802
50.6802197802
153.5802197802
22.3802197802
145.3802197802
93.3802197802
23.8802197802
75.0802197802
10.1802197802
11.6802197802
23.6802197802
67.7802197802
162.4802197802
23.9802197802
116.3802197802
13.5802197802
11.1802197802
67.2802197802
11.9802197802
11.9802197802
166.7802197802
109.4802197802
12.6802197802
10.0802197802
28.1802197802
155.3802197802
29.4802197802
32.1802197802
12.5802197802
179.9802197802
80.0802197802
13.0802197802
11.6802197802
121.6802197802
16.7802197802
38.2802197802
11.7802197802
35.2802197802
15.8802197802
52.7802197802
10.9802197802
40.2802197802
49.7802197802
12.3802197802
18.4802197802
12.7802197802
14.6802197802
10.8802197802
24.6802197802
12.9802197802
16.8802197802
11.8802197802
23.0802197802
17.1802197802
10.6802197802
15.8802197802
41.1802197802
121.5802197802
51.2802197802
10.7802197802
129.8802197802
9.8802197802
16.1802197802
25.3802197802
10.6802197802
12.3802197802
24.1802197802
66.8802197802
18.7802197802
29.8802197802
68.5802197802
77.6802197802
15.1802197802
29.3802197802
12.1802197802
21.0802197802
32.5802197802
63.2802197802
52.6802197802
32.0802197802
89.0802197802
24.4802197802
27.9802197802
33.5802197802
82.5802197802
61.1802197802
18.6802197802
23.9802197802
12.3802197802
91.2802197802
83.6802197802
9.8802197802
94.2802197802
85.8802197802
24.9802197802
11.4802197802
10.3802197802
53.3802197802
15.3802197802
13.4802197802
10.0802197802
13.0802197802
11.9802197802
96.6802197802
13.8802197802
82.7802197802
11.9802197802
46.6802197802
24.1802197802
36.0802197802
11.9802197802
36.4802197802
10.7802197802
17.4802197802
11.1802197802
75.9802197802
24.4802197802
79.0802197802
10.7802197802
23.3802197802
65.3802197802
13.7802197802
10.9802197802
59.9802197802
77.1802197802
79.9802197802
78.1802197802
12.6802197802
66.9802197802
71.5802197802
11.7802197802
11.4802197802
14.0802197802
37.7802197802
10.2802197802
75.6802197802
10.6802197802
109.7802197802
14.0802197802
9.7802197802
13.7802197802
14.6802197802
13.6802197802
82.7802197802
13.5802197802
12.9802197802
10.8802197802
13.4802197802
10.2802197802
13.8802197802
102.5802197802
14.6802197802
16.4802197802
43.7802197802
13.2802197802
14.5802197802
14.1802197802
12.6802197802
14.4802197802
21.8802197802
12.7802197802
11.4802197802
115.0802197802
239.1802197802
10.5802197802
251.3802197802
223.2802197802
176.5802197802
10.2802197802
169.4802197802
12.0802197802
150.3802197802
12.2802197802
10.7802197802
13.5802197802
244.8802197802
11.1802197802
218.1802197802
17.8802197802
13.7802197802
128.5802197802
12.8802197802
11.8802197802
12.0802197802
10.0802197802
12.1802197802
185.6802197802
11.1802197802
37.8802197802
12.1802197802
11.4802197802
