6.09336375897292
7.16027608892083
NA
5.2965440357
6.3965440357
6.4965440357
4.6965440357
7.8965440357
6.7965440357
10.4965440357
6.4965440357
7.2965440357
6.7965440357
5.3965440357
6.4965440357
7.1965440357
7.7965440357
8.4965440357
6.4965440357
8.4965440357
7.1965440357
5.8965440357
6.2965440357
6.3965440357
7.6965440357
8.2965440357
6.4965440357
6.7965440357
5.5965440357
10.5965440357
6.6965440357
9.0965440357
6.7965440357
5.8965440357
5.3965440357
7.2965440357
6.5965440357
6.3965440357
7.7965440357
7.3965440357
4.5965440357
7.1965440357
5.1965440357
7.4965440357
7.5965440357
6.7965440357
6.5965440357
7.4965440357
6.9965440357
4.9965440357
4.9965440357
7.0965440357
4.6965440357
6.8965440357
4.6965440357
6.7965440357
6.4965440357
6.7965440357
7.4965440357
5.6965440357
5.2965440357
5.7965440357
7.5965440357
4.4965440357
4.3965440357
5.8965440357
7.5965440357
6.3965440357
5.4965440357
6.8965440357
6.7965440357
6.3965440357
6.6965440357
6.6965440357
6.1965440357
5.1965440357
6.5965440357
4.5965440357
6.0965440357
6.2965440357
6.1965440357
6.7965440357
7.5965440357
6.5965440357
4.8965440357
6.4965440357
5.1965440357
6.1965440357
6.1965440357
6.4965440357
4.5965440357
4.3965440357
5.2965440357
6.4965440357
5.1965440357
4.8965440357
5.8965440357
5.8965440357
6.7965440357
4.6965440357
6.2965440357
8.2965440357
4.4965440357
6.2965440357
5.4965440357
7.3965440357
5.2965440357
6.8965440357
5.0965440357
6.4965440357
7.6965440357
7.3965440357
7.2965440357
6.7965440357
5.4965440357
5.6965440357
6.0965440357
5.4965440357
5.9965440357
5.3965440357
5.0965440357
5.9965440357
8.1965440357
5.7965440357
5.2965440357
5.4965440357
5.9965440357
6.3965440357
6.1965440357
5.2965440357
13.9965440357
4.9965440357
5.2965440357
6.1965440357
5.5965440357
6.1965440357
6.6965440357
5.1965440357
4.8965440357
6.2965440357
4.2965440357
5.6965440357
5.4965440357
4.2965440357
4.6965440357
6.2965440357
14.2965440357
6.3965440357
5.4965440357
6.5965440357
6.4965440357
6.4965440357
6.5965440357
5.4965440357
7.4965440357
6.9965440357
7.1965440357
26.4965440357
7.3965440357
6.0965440357
6.7965440357
5.3965440357
6.1965440357
4.2965440357
6.9965440357
4.8965440357
5.7965440357
21.0965440357
7.0965440357
7.1965440357
7.4965440357
5.1965440357
5.8965440357
7.2965440357
28.0965440357
6.8965440357
27.5965440357
22.5965440357
7.4965440357
7.1965440357
6.6965440357
14.6965440357
6.6965440357
26.0965440357
26.8965440357
15.2965440357
4.5965440357
12.0965440357
21.5965440357
7.3965440357
7.0965440357
7.2965440357
6.5965440357
6.2965440357
6.0965440357
7.2965440357
17.1965440357
6.5965440357
7.1965440357
18.1965440357
6.8965440357
5.4965440357
7.3965440357
7.0965440357
4.6965440357
6.6965440357
6.8965440357
4.2965440357
6.9965440357
6.6965440357
14.1965440357
6.9965440357
5.0965440357
6.6965440357
23.5965440357
24.6965440357
7.2965440357
7.2965440357
4.5965440357
7.0965440357
7.2965440357
4.3965440357
6.8965440357
6.9965440357
15.1965440357
5.9965440357
4.5965440357
7.3965440357
6.2965440357
21.2965440357
7.6965440357
6.5965440357
33.8965440357
7.6965440357
6.4965440357
7.2965440357
6.6965440357
30.1965440357
14.2965440357
7.2965440357
17.1965440357
6.7965440357
20.2965440357
7.4965440357
6.6965440357
8.5965440357
5.7965440357
6.4965440357
13.4965440357
5.8965440357
5.0965440357
10.9965440357
4.6965440357
5.9965440357
5.8965440357
5.8965440357
6.3965440357
5.2965440357
4.2965440357
6.0965440357
5.1965440357
5.1965440357
5.8965440357
5.5965440357
5.4965440357
6.3965440357
6.0965440357
6.5965440357
8.6965440357
10.0965440357
6.4965440357
6.5965440357
6.0965440357
6.0965440357
6.4965440357
10.2965440357
5.7965440357
5.9965440357
6.7965440357
6.7965440357
7.0965440357
11.4965440357
4.5965440357
6.0965440357
9.6965440357
6.4965440357
5.3965440357
8.3965440357
6.2965440357
10.3965440357
5.9965440357
5.7965440357
4.7965440357
6.1965440357
5.8965440357
4.4965440357
6.9965440357
4.2965440357
6.0965440357
8.4965440357
5.9965440357
5.4965440357
5.7965440357
6.6965440357
5.9965440357
8.0965440357
6.1965440357
6.6965440357
6.9965440357
8.0965440357
6.4965440357
6.4965440357
9.0965440357
5.2965440357
6.6965440357
7.9965440357
7.4965440357
6.7965440357
6.6965440357
6.3965440357
7.1965440357
6.7965440357
6.9965440357
4.4965440357
6.8965440357
7.3965440357
5.2965440357
4.8965440357
6.8965440357
6.4965440357
6.2965440357
6.1965440357
9.1965440357
5.7965440357
6.4965440357
6.8965440357
5.8965440357
5.4965440357
4.8965440357
4.6965440357
5.5965440357
13.2965440357
4.9965440357
6.1965440357
5.6965440357
4.5965440357
4.6965440357
10.0965440357
5.5965440357
11.6965440357
10.9965440357
5.7965440357
4.6965440357
6.0965440357
12.1965440357
12.5965440357
4.5965440357
4.3965440357
9.7965440357
5.8965440357
9.8965440357
5.6965440357
7.6965440357
4.5965440357
5.8965440357
5.9965440357
9.8965440357
4.9965440357
