8.90393314309583
11.3256804976917
NA
10.2333333333
6.7333333333
9.9333333333
11.7333333333
8.6333333333
10.4333333333
6.6333333333
11.7333333333
9.5333333333
12.5333333333
11.9333333333
6.8333333333
16.2333333333
12.5333333333
5.5333333333
7.1333333333
13.7333333333
6.5333333333
14.9333333333
16.4333333333
9.6333333333
12.9333333333
14.8333333333
5.6333333333
12.7333333333
7.0333333333
8.4333333333
17.9333333333
10.0333333333
14.8333333333
10.8333333333
11.2333333333
11.6333333333
23.2333333333
12.2333333333
11.1333333333
8.0333333333
7.7333333333
11.2333333333
6.3333333333
12.7333333333
9.7333333333
6.3333333333
10.1333333333
25.3333333333
8.9333333333
16.9333333333
9.0333333333
27.8333333333
10.9333333333
7.8333333333
12.9333333333
10.6333333333
11.1333333333
11.0333333333
11.5333333333
16.0333333333
13.1333333333
8.9333333333
6.1333333333
9.1333333333
8.6333333333
8.9333333333
8.6333333333
10.0333333333
8.7333333333
8.8333333333
9.3333333333
7.5333333333
8.0333333333
7.9333333333
7.5333333333
12.3333333333
8.0333333333
8.7333333333
5.4333333333
9.8333333333
9.7333333333
9.8333333333
8.1333333333
9.1333333333
7.9333333333
12.9333333333
7.5333333333
8.5333333333
10.1333333333
8.6333333333
6.3333333333
12.4333333333
8.2333333333
10.0333333333
10.2333333333
8.6333333333
7.1333333333
9.2333333333
9.1333333333
12.3333333333
9.8333333333
13.5333333333
7.4333333333
16.6333333333
8.8333333333
9.8333333333
10.1333333333
8.6333333333
5.9333333333
15.5333333333
17.9333333333
9.8333333333
9.8333333333
15.4333333333
9.9333333333
6.3333333333
9.1333333333
9.8333333333
12.1333333333
10.2333333333
12.9333333333
6.4333333333
8.7333333333
9.6333333333
7.6333333333
12.1333333333
8.8333333333
8.5333333333
9.7333333333
9.5333333333
9.7333333333
7.7333333333
9.2333333333
10.3333333333
8.0333333333
8.6333333333
18.6333333333
8.7333333333
10.1333333333
16.3333333333
27.4333333333
9.6333333333
8.7333333333
18.0333333333
20.2333333333
8.0333333333
8.4333333333
26.7333333333
9.8333333333
9.0333333333
8.7333333333
9.3333333333
9.5333333333
20.3333333333
8.6333333333
5.8333333333
9.7333333333
9.6333333333
8.4333333333
11.2333333333
8.7333333333
9.7333333333
5.4333333333
11.5333333333
7.9333333333
7.4333333333
7.6333333333
10.6333333333
11.0333333333
13.4333333333
8.4333333333
8.6333333333
7.7333333333
8.8333333333
11.2333333333
9.0333333333
9.2333333333
9.3333333333
9.5333333333
8.8333333333
9.2333333333
8.7333333333
12.1333333333
10.2333333333
6.8333333333
8.1333333333
8.6333333333
9.7333333333
8.7333333333
5.5333333333
7.9333333333
6.6333333333
7.8333333333
8.8333333333
12.6333333333
8.1333333333
8.5333333333
12.0333333333
9.9333333333
9.2333333333
6.3333333333
6.1333333333
8.3333333333
12.0333333333
6.3333333333
10.0333333333
5.9333333333
8.1333333333
11.2333333333
8.5333333333
6.6333333333
8.2333333333
6.7333333333
8.5333333333
8.5333333333
9.4333333333
7.7333333333
9.2333333333
8.3333333333
9.0333333333
8.6333333333
13.8333333333
9.7333333333
8.6333333333
7.5333333333
8.1333333333
7.7333333333
9.4333333333
14.6333333333
5.9333333333
9.7333333333
8.8333333333
9.0333333333
8.9333333333
9.6333333333
6.4333333333
8.4333333333
8.2333333333
14.9333333333
17.6333333333
10.4333333333
5.3333333333
8.5333333333
8.5333333333
8.2333333333
8.6333333333
9.8333333333
11.0333333333
6.2333333333
10.6333333333
10.7333333333
14.0333333333
11.7333333333
10.5333333333
11.2333333333
10.7333333333
8.0333333333
18.8333333333
10.9333333333
11.0333333333
17.4333333333
8.9333333333
14.1333333333
17.8333333333
10.9333333333
18.4333333333
11.6333333333
11.8333333333
5.5333333333
9.9333333333
10.9333333333
10.4333333333
5.5333333333
9.9333333333
11.7333333333
6.9333333333
11.5333333333
13.3333333333
9.7333333333
12.5333333333
9.9333333333
9.0333333333
7.0333333333
8.7333333333
9.1333333333
8.8333333333
9.7333333333
10.0333333333
15.1333333333
8.8333333333
14.2333333333
8.6333333333
9.2333333333
13.5333333333
5.9333333333
8.8333333333
8.9333333333
18.4333333333
8.6333333333
9.7333333333
7.2333333333
9.0333333333
6.9333333333
6.5333333333
10.9333333333
5.3333333333
17.6333333333
10.9333333333
10.4333333333
8.2333333333
10.5333333333
10.1333333333
14.2333333333
6.6333333333
11.3333333333
9.8333333333
5.6333333333
11.9333333333
9.3333333333
10.2333333333
11.1333333333
15.8333333333
7.7333333333
10.4333333333
9.7333333333
10.1333333333
10.4333333333
9.3333333333
9.5333333333
14.6333333333
8.5333333333
11.1333333333
10.9333333333
6.1333333333
10.5333333333
11.1333333333
8.5333333333
5.5333333333
24.5333333333
11.5333333333
8.8333333333
10.8333333333
13.8333333333
11.7333333333
25.6333333333
7.8333333333
10.4333333333
14.7333333333
26.9333333333
14.7333333333
12.1333333333
14.3333333333
5.4333333333
13.8333333333
39.0333333333
14.3333333333
34.9333333333
9.6333333333
7.2333333333
11.3333333333
6.5333333333
11.6333333333
5.3333333333
10.9333333333
12.2333333333
13.4333333333
11.9333333333
37.3333333333
