8.00612501562083
10.3418595804271
NA
4.4529411765
6.6529411765
12.5529411765
8.2529411765
11.7529411765
8.0529411765
18.7529411765
8.0529411765
20.9529411765
9.6529411765
7.7529411765
16.5529411765
7.8529411765
7.4529411765
8.0529411765
8.0529411765
8.1529411765
7.8529411765
7.2529411765
5.5529411765
8.1529411765
4.9529411765
7.5529411765
4.4529411765
4.4529411765
8.1529411765
3.6529411765
7.6529411765
5.9529411765
7.9529411765
8.8529411765
7.0529411765
8.6529411765
11.3529411765
9.0529411765
8.7529411765
9.5529411765
13.8529411765
4.2529411765
5.7529411765
14.1529411765
14.2529411765
6.9529411765
9.1529411765
9.4529411765
6.6529411765
9.7529411765
13.9529411765
14.2529411765
11.4529411765
5.3529411765
6.3529411765
8.8529411765
14.4529411765
11.3529411765
11.1529411765
12.8529411765
13.0529411765
12.8529411765
9.1529411765
11.9529411765
9.3529411765
9.9529411765
12.2529411765
8.2529411765
7.2529411765
9.3529411765
3.9529411765
6.2529411765
10.3529411765
9.3529411765
5.9529411765
12.3529411765
7.0529411765
7.3529411765
9.7529411765
10.6529411765
12.3529411765
9.5529411765
11.8529411765
9.6529411765
11.3529411765
4.9529411765
10.2529411765
11.4529411765
12.2529411765
9.5529411765
10.9529411765
12.3529411765
10.7529411765
8.6529411765
8.5529411765
9.5529411765
10.4529411765
12.7529411765
13.5529411765
9.5529411765
3.9529411765
8.1529411765
8.5529411765
9.3529411765
8.5529411765
9.8529411765
7.7529411765
11.8529411765
3.6529411765
10.6529411765
10.1529411765
7.6529411765
6.5529411765
7.7529411765
8.1529411765
9.2529411765
10.3529411765
13.0529411765
9.9529411765
4.9529411765
9.3529411765
9.6529411765
8.2529411765
4.8529411765
8.3529411765
4.9529411765
7.8529411765
10.8529411765
10.6529411765
9.9529411765
8.1529411765
8.3529411765
3.3529411765
10.0529411765
6.5529411765
6.1529411765
9.4529411765
5.0529411765
9.9529411765
7.4529411765
11.0529411765
5.4529411765
7.8529411765
11.5529411765
3.7529411765
3.3529411765
8.0529411765
4.7529411765
8.9529411765
11.8529411765
9.3529411765
9.2529411765
8.1529411765
3.4529411765
7.3529411765
7.5529411765
3.5529411765
5.3529411765
3.8529411765
6.3529411765
10.4529411765
8.4529411765
7.2529411765
8.0529411765
10.5529411765
7.4529411765
8.8529411765
8.8529411765
6.9529411765
11.6529411765
8.3529411765
9.6529411765
11.2529411765
7.5529411765
12.3529411765
7.6529411765
4.2529411765
5.5529411765
9.1529411765
7.8529411765
11.4529411765
7.6529411765
5.6529411765
5.3529411765
9.4529411765
8.3529411765
10.4529411765
13.3529411765
4.8529411765
9.8529411765
9.4529411765
14.3529411765
11.7529411765
4.9529411765
10.3529411765
4.4529411765
12.0529411765
10.3529411765
7.7529411765
13.0529411765
13.0529411765
10.6529411765
13.4529411765
12.7529411765
14.3529411765
10.6529411765
9.3529411765
10.2529411765
10.4529411765
8.3529411765
11.1529411765
11.7529411765
11.6529411765
13.9529411765
7.9529411765
8.7529411765
7.9529411765
8.8529411765
8.3529411765
8.1529411765
7.6529411765
8.4529411765
11.2529411765
8.4529411765
8.0529411765
10.9529411765
8.0529411765
8.1529411765
9.2529411765
7.8529411765
12.1529411765
7.8529411765
6.0529411765
7.8529411765
11.7529411765
7.6529411765
8.4529411765
11.9529411765
8.6529411765
8.3529411765
4.9529411765
8.0529411765
7.8529411765
8.1529411765
8.2529411765
8.0529411765
12.5529411765
14.1529411765
11.8529411765
11.4529411765
13.6529411765
16.0529411765
11.0529411765
16.6529411765
13.1529411765
13.7529411765
12.3529411765
11.4529411765
12.3529411765
14.0529411765
13.5529411765
11.9529411765
10.3529411765
14.9529411765
13.4529411765
3.6529411765
14.0529411765
14.6529411765
5.3529411765
13.8529411765
11.7529411765
9.7529411765
11.8529411765
13.9529411765
11.9529411765
5.5529411765
8.6529411765
9.4529411765
9.8529411765
8.4529411765
9.8529411765
8.1529411765
9.2529411765
10.5529411765
8.2529411765
10.5529411765
7.2529411765
8.0529411765
7.7529411765
3.6529411765
8.7529411765
5.2529411765
10.2529411765
8.4529411765
9.2529411765
8.9529411765
5.7529411765
8.1529411765
8.2529411765
7.0529411765
10.9529411765
7.8529411765
8.3529411765
9.2529411765
8.0529411765
7.7529411765
8.3529411765
4.1529411765
10.5529411765
9.1529411765
11.2529411765
9.5529411765
8.6529411765
9.4529411765
9.6529411765
8.3529411765
11.2529411765
10.3529411765
9.1529411765
9.1529411765
9.1529411765
9.0529411765
4.9529411765
10.7529411765
9.9529411765
8.2529411765
8.9529411765
8.6529411765
9.1529411765
8.2529411765
9.2529411765
3.8529411765
9.3529411765
9.4529411765
8.9529411765
3.5529411765
11.2529411765
8.7529411765
7.2529411765
7.1529411765
8.0529411765
6.8529411765
11.0529411765
8.7529411765
7.0529411765
7.1529411765
7.7529411765
3.3529411765
7.0529411765
8.5529411765
7.5529411765
8.0529411765
8.4529411765
4.0529411765
7.7529411765
8.9529411765
3.4529411765
3.6529411765
6.3529411765
9.1529411765
3.8529411765
6.8529411765
6.8529411765
9.7529411765
6.9529411765
6.6529411765
7.2529411765
7.6529411765
