19.1135508648958
25.3342013364375
NA
21.3581196581
10.0581196581
13.1581196581
14.7581196581
35.2581196581
20.9581196581
10.3581196581
27.7581196581
14.5581196581
21.5581196581
20.6581196581
22.4581196581
22.8581196581
13.6581196581
16.4581196581
12.9581196581
17.9581196581
36.1581196581
18.8581196581
14.3581196581
31.2581196581
25.8581196581
30.3581196581
12.3581196581
29.4581196581
16.6581196581
15.3581196581
15.5581196581
17.3581196581
21.0581196581
21.9581196581
16.7581196581
20.6581196581
13.3581196581
14.9581196581
19.1581196581
19.3581196581
15.1581196581
15.9581196581
16.0581196581
19.9581196581
17.5581196581
24.9581196581
14.6581196581
17.2581196581
30.4581196581
37.2581196581
17.2581196581
15.4581196581
14.2581196581
11.6581196581
17.7581196581
19.7581196581
15.9581196581
21.6581196581
10.1581196581
33.5581196581
9.6581196581
19.9581196581
11.9581196581
18.1581196581
17.5581196581
27.3581196581
12.8581196581
19.4581196581
23.6581196581
19.0581196581
22.3581196581
16.7581196581
10.6581196581
22.4581196581
18.9581196581
34.8581196581
17.4581196581
23.2581196581
17.0581196581
21.2581196581
34.7581196581
15.9581196581
20.9581196581
33.0581196581
13.6581196581
12.6581196581
30.3581196581
26.7581196581
24.7581196581
9.6581196581
21.8581196581
10.9581196581
16.4581196581
24.6581196581
21.3581196581
25.8581196581
12.0581196581
22.4581196581
51.9581196581
10.3581196581
19.7581196581
57.7581196581
24.7581196581
20.5581196581
83.9581196581
14.7581196581
11.7581196581
15.7581196581
25.2581196581
24.3581196581
24.4581196581
20.0581196581
17.9581196581
57.4581196581
23.8581196581
20.6581196581
23.0581196581
17.0581196581
46.9581196581
22.9581196581
11.1581196581
24.1581196581
19.6581196581
33.4581196581
21.2581196581
21.2581196581
22.2581196581
32.1581196581
17.5581196581
20.9581196581
22.3581196581
22.1581196581
20.0581196581
22.9581196581
22.7581196581
16.5581196581
10.1581196581
19.6581196581
31.1581196581
25.9581196581
33.9581196581
22.7581196581
21.8581196581
23.2581196581
10.8581196581
25.2581196581
21.9581196581
22.5581196581
11.2581196581
22.9581196581
25.7581196581
27.1581196581
26.4581196581
14.3581196581
19.7581196581
16.5581196581
24.7581196581
19.4581196581
20.3581196581
21.1581196581
19.9581196581
20.8581196581
27.7581196581
16.7581196581
22.4581196581
20.1581196581
20.6581196581
21.8581196581
24.0581196581
24.7581196581
26.3581196581
14.3581196581
20.9581196581
26.0581196581
19.0581196581
26.9581196581
21.2581196581
26.0581196581
20.3581196581
21.9581196581
20.2581196581
16.5581196581
21.7581196581
18.0581196581
24.2581196581
13.4581196581
30.3581196581
21.5581196581
22.5581196581
12.6581196581
26.9581196581
26.1581196581
27.2581196581
20.8581196581
21.2581196581
35.5581196581
27.6581196581
26.2581196581
11.8581196581
23.9581196581
22.3581196581
22.9581196581
14.1581196581
24.9581196581
26.0581196581
20.6581196581
23.3581196581
31.3581196581
22.3581196581
11.0581196581
29.1581196581
27.3581196581
35.4581196581
15.5581196581
29.0581196581
14.3581196581
21.1581196581
20.5581196581
14.8581196581
19.2581196581
19.9581196581
19.2581196581
20.6581196581
11.2581196581
21.3581196581
17.4581196581
10.0581196581
21.2581196581
19.1581196581
18.8581196581
18.7581196581
24.4581196581
25.6581196581
20.6581196581
19.6581196581
20.3581196581
15.3581196581
24.3581196581
19.2581196581
23.9581196581
24.1581196581
16.1581196581
13.0581196581
18.7581196581
20.5581196581
18.1581196581
26.9581196581
36.7581196581
22.5581196581
16.2581196581
22.6581196581
34.3581196581
32.9581196581
21.6581196581
17.2581196581
26.2581196581
23.3581196581
26.9581196581
24.7581196581
27.3581196581
9.8581196581
38.9581196581
18.8581196581
23.8581196581
23.6581196581
25.5581196581
32.8581196581
38.8581196581
23.4581196581
21.9581196581
19.0581196581
11.3581196581
18.7581196581
25.3581196581
17.6581196581
23.2581196581
21.5581196581
9.6581196581
23.8581196581
33.7581196581
23.6581196581
33.9581196581
26.4581196581
26.6581196581
25.1581196581
25.4581196581
27.5581196581
26.1581196581
26.4581196581
24.0581196581
24.6581196581
26.6581196581
25.0581196581
18.0581196581
23.2581196581
24.3581196581
30.1581196581
15.5581196581
27.4581196581
33.8581196581
34.0581196581
26.5581196581
18.0581196581
23.0581196581
26.3581196581
25.5581196581
23.6581196581
26.7581196581
20.6581196581
23.4581196581
27.3581196581
26.6581196581
27.2581196581
12.9581196581
36.9581196581
22.2581196581
24.7581196581
36.2581196581
23.0581196581
16.9581196581
21.8581196581
14.9581196581
24.0581196581
22.6581196581
24.4581196581
22.3581196581
21.6581196581
28.1581196581
29.9581196581
25.2581196581
23.1581196581
11.6581196581
26.7581196581
14.6581196581
27.0581196581
17.2581196581
22.8581196581
19.2581196581
44.9581196581
55.7581196581
49.2581196581
20.1581196581
19.2581196581
21.9581196581
11.7581196581
27.1581196581
21.3581196581
25.3581196581
22.8581196581
15.9581196581
35.6581196581
21.8581196581
32.5581196581
19.4581196581
26.2581196581
13.2581196581
16.4581196581
18.8581196581
20.7581196581
19.1581196581
46.1581196581
20.3581196581
18.3581196581
20.3581196581
21.7581196581
51.9581196581
45.8581196581
43.3581196581
