1.53978072892292
1.75073304788542
NA
1.4704000221
1.5704000221
1.3704000221
1.7704000221
1.4704000221
1.5704000221
1.3704000221
1.4704000221
1.3704000221
1.4704000221
1.5704000221
1.4704000221
1.6704000221
1.3704000221
1.5704000221
1.5704000221
1.4704000221
1.7704000221
1.3704000221
1.5704000221
1.4704000221
1.4704000221
1.5704000221
1.4704000221
1.5704000221
1.5704000221
1.3704000221
1.5704000221
1.6704000221
1.4704000221
1.4704000221
1.4704000221
1.3704000221
1.3704000221
1.3704000221
1.4704000221
1.5704000221
1.5704000221
1.3704000221
1.4704000221
1.7704000221
1.5704000221
1.5704000221
1.4704000221
1.4704000221
1.3704000221
1.3704000221
1.4704000221
1.5704000221
1.3704000221
1.3704000221
1.3704000221
1.5704000221
1.3704000221
1.4704000221
1.3704000221
1.5704000221
1.6704000221
1.3704000221
1.3704000221
1.4704000221
1.8704000221
1.3704000221
1.5704000221
1.6704000221
1.3704000221
1.3704000221
1.3704000221
1.4704000221
1.8704000221
1.5704000221
1.7704000221
1.5704000221
1.3704000221
1.4704000221
1.6704000221
1.4704000221
1.8704000221
1.3704000221
1.5704000221
1.4704000221
1.7704000221
1.3704000221
1.5704000221
1.4704000221
1.5704000221
1.8704000221
1.4704000221
1.5704000221
1.6704000221
1.7704000221
1.5704000221
1.3704000221
1.5704000221
1.3704000221
1.4704000221
1.4704000221
1.3704000221
1.5704000221
1.4704000221
1.3704000221
1.5704000221
1.5704000221
1.7704000221
1.5704000221
1.3704000221
1.8704000221
1.7704000221
1.7704000221
1.4704000221
1.5704000221
1.3704000221
1.3704000221
1.4704000221
1.4704000221
1.5704000221
1.6704000221
1.6704000221
1.3704000221
1.3704000221
1.9704000221
1.8704000221
1.3704000221
1.8704000221
2.1704000221
1.9704000221
1.7704000221
1.8704000221
2.0704000221
2.0704000221
1.8704000221
1.9704000221
2.0704000221
1.8704000221
1.8704000221
2.0704000221
1.7704000221
1.7704000221
1.6704000221
1.8704000221
1.9704000221
2.1704000221
2.1704000221
2.0704000221
1.6704000221
2.1704000221
1.6704000221
1.8704000221
1.5704000221
1.8704000221
1.4704000221
1.7704000221
2.0704000221
2.1704000221
1.6704000221
1.8704000221
1.8704000221
2.1704000221
2.1704000221
1.7704000221
1.8704000221
1.3704000221
2.1704000221
1.8704000221
1.8704000221
1.8704000221
1.6704000221
2.1704000221
1.9704000221
1.4704000221
2.1704000221
1.9704000221
1.9704000221
1.9704000221
1.8704000221
1.6704000221
1.6704000221
1.5704000221
1.9704000221
2.1704000221
1.9704000221
1.8704000221
1.9704000221
1.9704000221
1.8704000221
1.5704000221
1.9704000221
1.9704000221
1.6704000221
1.9704000221
1.9704000221
1.6704000221
1.7704000221
1.9704000221
1.5704000221
1.3704000221
1.9704000221
1.8704000221
1.3704000221
1.9704000221
1.4704000221
1.9704000221
1.4704000221
1.6704000221
1.9704000221
1.9704000221
1.9704000221
1.5704000221
1.4704000221
1.9704000221
1.9704000221
1.8704000221
1.4704000221
1.3704000221
1.5704000221
1.5704000221
1.3704000221
1.7704000221
1.6704000221
1.4704000221
1.3704000221
1.5704000221
1.3704000221
1.3704000221
1.8704000221
1.3704000221
1.5704000221
1.3704000221
1.4704000221
1.3704000221
1.8704000221
1.4704000221
1.3704000221
1.3704000221
1.6704000221
1.4704000221
1.4704000221
1.3704000221
1.4704000221
1.7704000221
1.3704000221
1.3704000221
1.4704000221
1.3704000221
1.5704000221
1.5704000221
1.7704000221
1.5704000221
1.6704000221
1.4704000221
1.6704000221
1.5704000221
1.8704000221
1.5704000221
1.3704000221
1.7704000221
1.3704000221
1.3704000221
1.4704000221
1.5704000221
1.3704000221
1.4704000221
1.3704000221
1.8704000221
1.3704000221
1.3704000221
1.4704000221
1.8704000221
1.3704000221
1.5704000221
1.3704000221
1.4704000221
1.3704000221
1.4704000221
1.3704000221
1.3704000221
1.3704000221
1.5704000221
1.3704000221
1.5704000221
1.5704000221
1.6704000221
1.7704000221
1.5704000221
1.6704000221
1.3704000221
1.5704000221
1.3704000221
1.7704000221
1.4704000221
1.4704000221
1.5704000221
1.5704000221
1.6704000221
1.3704000221
1.7704000221
1.8704000221
1.4704000221
1.5704000221
1.7704000221
1.6704000221
1.8704000221
1.3704000221
1.5704000221
1.7704000221
1.3704000221
1.4704000221
1.8704000221
1.8704000221
1.8704000221
1.3704000221
1.7704000221
1.5704000221
1.3704000221
1.7704000221
1.5704000221
1.5704000221
1.4704000221
1.4704000221
1.4704000221
1.5704000221
1.8704000221
1.7704000221
1.3704000221
1.4704000221
1.8704000221
1.3704000221
1.4704000221
1.6704000221
1.5704000221
1.4704000221
1.4704000221
1.5704000221
1.8704000221
1.5704000221
1.3704000221
1.3704000221
1.3704000221
1.5704000221
1.5704000221
1.7704000221
1.4704000221
1.4704000221
1.3704000221
1.4704000221
1.5704000221
1.3704000221
1.4704000221
1.5704000221
1.3704000221
1.3704000221
1.5704000221
1.7704000221
1.5704000221
1.3704000221
1.5704000221
1.3704000221
1.6704000221
1.8704000221
1.3704000221
1.3704000221
1.5704000221
1.8704000221
1.3704000221
1.3704000221
