3.25450450453333
4.29710960960833
NA
3.0119259435
5.1119259435
7.1119259435
4.0119259435
5.0119259435
4.4119259435
3.7119259435
12.9119259435
3.4119259435
7.0119259435
13.7119259435
1.7119259435
3.9119259435
12.4119259435
4.0119259435
4.5119259435
2.9119259435
4.4119259435
2.2119259435
2.2119259435
7.2119259435
5.0119259435
2.8119259435
4.9119259435
1.9119259435
4.9119259435
4.9119259435
4.0119259435
4.0119259435
4.5119259435
2.5119259435
3.6119259435
4.3119259435
3.5119259435
4.0119259435
3.6119259435
3.4119259435
3.6119259435
5.6119259435
1.9119259435
2.3119259435
3.1119259435
4.6119259435
3.0119259435
3.2119259435
2.7119259435
9.4119259435
3.6119259435
2.2119259435
3.6119259435
14.8119259435
3.1119259435
6.7119259435
3.7119259435
3.3119259435
4.7119259435
3.3119259435
3.5119259435
3.0119259435
3.4119259435
3.4119259435
4.4119259435
3.7119259435
4.3119259435
2.5119259435
3.3119259435
7.3119259435
19.8119259435
3.9119259435
15.1119259435
2.3119259435
4.2119259435
4.1119259435
2.5119259435
4.0119259435
3.0119259435
1.9119259435
4.3119259435
3.6119259435
15.7119259435
3.6119259435
10.6119259435
3.7119259435
3.4119259435
3.4119259435
4.8119259435
4.3119259435
3.9119259435
2.4119259435
3.9119259435
3.1119259435
7.8119259435
14.6119259435
15.9119259435
4.0119259435
3.8119259435
4.0119259435
6.0119259435
3.7119259435
12.9119259435
3.6119259435
2.6119259435
5.5119259435
4.4119259435
4.3119259435
3.1119259435
8.6119259435
10.6119259435
2.4119259435
3.3119259435
2.1119259435
1.8119259435
1.7119259435
4.0119259435
10.8119259435
4.3119259435
8.4119259435
3.1119259435
3.5119259435
4.1119259435
11.3119259435
3.2119259435
3.3119259435
2.2119259435
3.9119259435
3.3119259435
2.7119259435
3.4119259435
1.8119259435
10.1119259435
17.6119259435
6.4119259435
16.0119259435
1.8119259435
3.3119259435
1.8119259435
3.3119259435
1.7119259435
2.9119259435
2.0119259435
3.1119259435
2.2119259435
3.1119259435
2.3119259435
3.2119259435
3.3119259435
3.1119259435
3.1119259435
13.2119259435
3.3119259435
3.4119259435
1.8119259435
3.1119259435
3.1119259435
3.4119259435
3.4119259435
3.4119259435
3.1119259435
3.1119259435
3.1119259435
4.4119259435
5.1119259435
3.5119259435
3.4119259435
3.2119259435
3.9119259435
3.1119259435
3.5119259435
2.7119259435
5.1119259435
7.4119259435
6.4119259435
3.4119259435
3.1119259435
3.1119259435
7.0119259435
3.5119259435
6.8119259435
8.7119259435
2.6119259435
1.7119259435
1.7119259435
9.5119259435
8.2119259435
2.5119259435
3.1119259435
3.2119259435
2.2119259435
3.4119259435
2.4119259435
3.1119259435
3.1119259435
9.5119259435
2.5119259435
2.4119259435
3.2119259435
1.9119259435
3.2119259435
3.4119259435
3.1119259435
4.3119259435
8.8119259435
3.1119259435
3.1119259435
7.4119259435
7.6119259435
2.3119259435
3.3119259435
2.9119259435
3.2119259435
3.5119259435
3.4119259435
9.7119259435
3.0119259435
14.7119259435
1.8119259435
3.1119259435
2.0119259435
3.1119259435
3.2119259435
3.1119259435
3.3119259435
3.4119259435
8.7119259435
3.1119259435
3.5119259435
1.9119259435
3.4119259435
3.1119259435
3.3119259435
2.3119259435
2.0119259435
15.0119259435
3.4119259435
11.7119259435
3.1119259435
1.7119259435
3.1119259435
3.1119259435
3.1119259435
2.6119259435
3.1119259435
4.8119259435
3.3119259435
1.9119259435
3.5119259435
3.3119259435
2.3119259435
14.9119259435
4.2119259435
8.3119259435
3.2119259435
2.8119259435
3.2119259435
4.2119259435
3.3119259435
4.1119259435
4.3119259435
10.4119259435
8.6119259435
3.6119259435
4.1119259435
3.3119259435
9.6119259435
14.5119259435
1.9119259435
2.6119259435
3.9119259435
3.4119259435
6.1119259435
2.6119259435
2.6119259435
2.6119259435
3.8119259435
2.4119259435
3.6119259435
3.2119259435
3.3119259435
3.2119259435
2.0119259435
2.6119259435
3.8119259435
1.7119259435
4.0119259435
3.5119259435
3.7119259435
3.4119259435
3.8119259435
3.6119259435
13.0119259435
3.4119259435
3.2119259435
2.4119259435
3.4119259435
2.8119259435
3.3119259435
3.1119259435
7.1119259435
2.8119259435
8.4119259435
3.5119259435
3.0119259435
1.7119259435
2.0119259435
4.4119259435
5.6119259435
5.4119259435
4.5119259435
3.9119259435
3.6119259435
2.4119259435
4.2119259435
6.7119259435
2.4119259435
3.8119259435
4.0119259435
4.2119259435
3.6119259435
4.2119259435
6.0119259435
2.1119259435
4.3119259435
4.2119259435
4.2119259435
4.0119259435
6.2119259435
4.0119259435
3.4119259435
4.3119259435
4.0119259435
4.3119259435
2.2119259435
4.9119259435
3.8119259435
3.9119259435
5.3119259435
3.8119259435
4.1119259435
3.4119259435
3.3119259435
3.3119259435
2.8119259435
2.2119259435
2.5119259435
4.6119259435
4.7119259435
2.8119259435
5.2119259435
3.5119259435
3.4119259435
3.6119259435
5.3119259435
3.2119259435
3.2119259435
5.0119259435
2.8119259435
2.9119259435
3.3119259435
4.5119259435
5.1119259435
2.7119259435
3.2119259435
4.4119259435
4.3119259435
5.2119259435
