26.7770451071042
43.7648513336458
NA
59.0743119266
34.8743119266
18.4743119266
32.5743119266
12.6743119266
36.3743119266
36.0743119266
28.6743119266
42.6743119266
14.1743119266
45.3743119266
37.4743119266
43.8743119266
60.5743119266
17.8743119266
57.0743119266
21.7743119266
28.9743119266
40.6743119266
29.2743119266
56.1743119266
36.1743119266
20.1743119266
34.6743119266
40.7743119266
29.0743119266
29.9743119266
34.3743119266
16.5743119266
12.1743119266
28.4743119266
51.2743119266
28.3743119266
34.6743119266
40.7743119266
33.6743119266
33.4743119266
28.8743119266
21.6743119266
28.0743119266
25.4743119266
56.6743119266
39.9743119266
21.2743119266
55.9743119266
53.4743119266
29.0743119266
28.1743119266
28.8743119266
29.1743119266
13.6743119266
29.0743119266
28.5743119266
70.3743119266
39.7743119266
37.6743119266
52.1743119266
30.3743119266
28.1743119266
19.4743119266
54.8743119266
13.0743119266
28.4743119266
40.3743119266
45.7743119266
41.9743119266
36.7743119266
37.4743119266
11.2743119266
47.3743119266
47.8743119266
35.2743119266
13.9743119266
46.8743119266
75.5743119266
40.1743119266
46.2743119266
19.8743119266
38.4743119266
41.0743119266
41.0743119266
43.7743119266
37.1743119266
35.1743119266
29.9743119266
94.5743119266
92.2743119266
40.2743119266
34.0743119266
38.0743119266
40.9743119266
45.6743119266
66.7743119266
36.0743119266
33.6743119266
37.8743119266
33.4743119266
15.1743119266
43.6743119266
72.2743119266
66.5743119266
57.1743119266
41.5743119266
55.8743119266
61.4743119266
42.4743119266
54.2743119266
71.1743119266
32.7743119266
67.3743119266
69.7743119266
27.4743119266
41.4743119266
43.5743119266
18.9743119266
44.5743119266
30.7743119266
23.2743119266
53.0743119266
50.3743119266
39.9743119266
31.3743119266
71.5743119266
64.7743119266
33.9743119266
38.3743119266
55.3743119266
47.6743119266
14.6743119266
15.2743119266
22.5743119266
24.2743119266
20.2743119266
18.9743119266
9.3743119266
17.6743119266
44.5743119266
58.6743119266
46.1743119266
19.2743119266
27.5743119266
19.5743119266
9.3743119266
28.2743119266
40.2743119266
17.2743119266
66.1743119266
28.9743119266
19.4743119266
18.2743119266
29.7743119266
22.4743119266
54.0743119266
23.5743119266
21.2743119266
42.6743119266
15.0743119266
25.1743119266
34.9743119266
24.4743119266
26.5743119266
17.3743119266
23.1743119266
18.3743119266
23.8743119266
49.6743119266
24.6743119266
13.6743119266
55.5743119266
21.1743119266
24.8743119266
23.5743119266
27.5743119266
23.0743119266
26.2743119266
28.8743119266
51.6743119266
23.7743119266
28.9743119266
26.7743119266
12.0743119266
41.3743119266
14.3743119266
31.3743119266
37.6743119266
27.5743119266
40.5743119266
36.9743119266
51.6743119266
33.8743119266
21.0743119266
42.8743119266
13.4743119266
58.3743119266
33.2743119266
10.9743119266
33.5743119266
39.3743119266
35.8743119266
67.3743119266
58.6743119266
23.3743119266
24.4743119266
69.9743119266
27.5743119266
24.7743119266
29.6743119266
39.3743119266
29.0743119266
90.0743119266
39.2743119266
84.4743119266
35.7743119266
28.0743119266
53.6743119266
26.8743119266
10.5743119266
29.8743119266
62.3743119266
38.2743119266
63.2743119266
36.7743119266
53.9743119266
35.7743119266
30.8743119266
41.9743119266
43.9743119266
9.3743119266
32.1743119266
21.4743119266
30.7743119266
68.2743119266
52.7743119266
9.3743119266
11.6743119266
68.0743119266
36.4743119266
42.3743119266
17.2743119266
34.6743119266
40.4743119266
34.2743119266
27.5743119266
34.3743119266
44.3743119266
53.7743119266
23.2743119266
33.6743119266
39.0743119266
38.1743119266
58.1743119266
30.9743119266
15.8743119266
11.5743119266
71.9743119266
29.4743119266
28.4743119266
19.5743119266
25.2743119266
26.0743119266
56.7743119266
33.5743119266
29.0743119266
57.4743119266
13.7743119266
22.4743119266
31.6743119266
46.9743119266
18.5743119266
35.0743119266
28.8743119266
40.6743119266
30.1743119266
20.7743119266
36.1743119266
10.7743119266
11.4743119266
49.0743119266
53.5743119266
29.7743119266
25.2743119266
28.0743119266
19.9743119266
35.4743119266
32.5743119266
9.6743119266
17.8743119266
28.4743119266
47.7743119266
27.3743119266
35.8743119266
28.6743119266
25.3743119266
24.9743119266
39.4743119266
10.6743119266
19.3743119266
50.4743119266
11.4743119266
16.1743119266
32.8743119266
36.2743119266
10.0743119266
45.1743119266
19.7743119266
43.1743119266
11.7743119266
43.9743119266
22.5743119266
22.3743119266
56.2743119266
35.1743119266
22.8743119266
10.6743119266
23.5743119266
22.2743119266
26.7743119266
28.6743119266
51.9743119266
44.7743119266
11.0743119266
25.4743119266
33.7743119266
57.1743119266
31.3743119266
34.4743119266
16.3743119266
51.7743119266
23.5743119266
25.3743119266
22.4743119266
11.6743119266
9.2743119266
23.6743119266
26.2743119266
34.3743119266
12.8743119266
27.0743119266
22.1743119266
47.0743119266
50.8743119266
10.4743119266
39.6743119266
40.6743119266
51.3743119266
25.2743119266
41.4743119266
28.9743119266
34.2743119266
32.7743119266
44.5743119266
30.5743119266
12.5743119266
51.8743119266
41.1743119266
47.7743119266
19.7743119266
24.0743119266
41.3743119266
48.9743119266
33.2743119266
24.6743119266
17.3743119266
36.4743119266
32.5743119266
