104.134704908229
145.149713625542
NA
112.335114597
112.835114597
112.535114597
120.335114597
120.135114597
93.535114597
139.735114597
131.835114597
58.235114597
128.135114597
111.735114597
90.735114597
140.635114597
119.935114597
60.535114597
75.835114597
111.835114597
112.235114597
113.035114597
55.335114597
111.135114597
112.635114597
125.935114597
97.735114597
112.735114597
94.635114597
128.735114597
123.835114597
111.935114597
106.835114597
72.335114597
126.235114597
119.035114597
118.535114597
62.435114597
117.935114597
123.435114597
122.035114597
105.235114597
86.335114597
130.035114597
109.535114597
115.435114597
107.835114597
119.235114597
115.835114597
118.935114597
95.935114597
116.835114597
128.435114597
120.935114597
90.935114597
120.135114597
117.035114597
116.935114597
118.835114597
116.435114597
125.735114597
111.835114597
104.035114597
95.235114597
99.035114597
116.135114597
99.235114597
62.535114597
114.435114597
96.535114597
112.235114597
104.735114597
71.635114597
98.335114597
77.835114597
98.635114597
95.035114597
67.035114597
118.435114597
96.535114597
108.635114597
62.735114597
96.335114597
99.535114597
105.335114597
99.535114597
96.935114597
108.935114597
98.935114597
100.435114597
94.735114597
96.935114597
96.335114597
95.635114597
65.435114597
114.235114597
107.035114597
106.135114597
101.135114597
110.735114597
110.535114597
108.035114597
107.635114597
115.535114597
101.835114597
104.435114597
80.635114597
60.235114597
87.535114597
61.135114597
108.435114597
89.035114597
110.735114597
101.535114597
100.935114597
88.435114597
111.435114597
98.035114597
100.735114597
63.835114597
79.035114597
102.235114597
101.135114597
142.035114597
120.635114597
170.435114597
141.235114597
66.035114597
58.135114597
56.035114597
66.135114597
79.435114597
113.035114597
109.935114597
47.535114597
62.935114597
59.535114597
145.735114597
161.735114597
139.335114597
112.635114597
113.935114597
159.035114597
90.635114597
89.235114597
147.035114597
114.135114597
129.435114597
115.035114597
117.335114597
126.235114597
118.735114597
113.135114597
102.435114597
191.635114597
172.735114597
174.435114597
109.735114597
169.035114597
61.335114597
179.435114597
129.935114597
197.035114597
105.135114597
168.635114597
162.335114597
171.035114597
105.735114597
62.735114597
181.435114597
196.535114597
194.235114597
193.035114597
169.635114597
170.835114597
110.335114597
168.335114597
178.535114597
187.335114597
169.335114597
176.435114597
190.035114597
177.935114597
180.335114597
190.035114597
168.535114597
161.535114597
142.435114597
165.235114597
55.835114597
57.435114597
170.235114597
50.335114597
176.335114597
143.135114597
190.135114597
122.135114597
190.535114597
52.035114597
54.635114597
168.435114597
112.135114597
191.235114597
55.635114597
130.735114597
175.735114597
184.335114597
182.935114597
48.635114597
80.035114597
171.735114597
172.935114597
161.835114597
57.935114597
152.335114597
122.935114597
97.635114597
95.035114597
99.535114597
162.535114597
53.235114597
60.035114597
45.935114597
169.635114597
186.135114597
170.235114597
166.935114597
185.935114597
168.835114597
55.035114597
51.235114597
52.635114597
171.235114597
172.435114597
122.635114597
160.335114597
52.735114597
46.935114597
51.635114597
169.835114597
165.435114597
47.035114597
168.335114597
54.935114597
125.235114597
55.135114597
173.235114597
121.635114597
180.535114597
168.035114597
171.535114597
178.335114597
62.335114597
178.735114597
47.835114597
170.035114597
175.135114597
176.635114597
173.735114597
71.435114597
119.735114597
171.935114597
172.635114597
51.035114597
134.735114597
103.235114597
169.835114597
170.035114597
168.135114597
169.835114597
173.635114597
52.135114597
169.435114597
175.135114597
172.135114597
59.235114597
122.435114597
156.635114597
81.535114597
52.735114597
165.635114597
125.535114597
116.435114597
77.235114597
167.835114597
130.935114597
160.535114597
76.735114597
164.735114597
166.135114597
129.835114597
116.535114597
147.435114597
154.735114597
148.835114597
167.635114597
135.835114597
160.235114597
138.935114597
123.035114597
156.135114597
122.335114597
148.535114597
85.535114597
120.335114597
156.635114597
123.035114597
123.035114597
65.135114597
58.735114597
97.535114597
135.235114597
90.735114597
128.035114597
127.935114597
129.235114597
128.135114597
71.135114597
132.635114597
128.235114597
72.335114597
128.035114597
131.935114597
127.235114597
121.335114597
128.235114597
63.035114597
126.535114597
130.335114597
123.735114597
122.835114597
128.635114597
51.235114597
126.235114597
129.235114597
67.335114597
105.635114597
140.335114597
165.735114597
135.335114597
137.335114597
137.635114597
136.135114597
79.435114597
168.135114597
166.035114597
164.735114597
167.535114597
169.135114597
167.935114597
164.035114597
124.235114597
132.435114597
158.735114597
118.235114597
130.935114597
148.535114597
133.835114597
168.035114597
150.435114597
134.535114597
164.835114597
166.635114597
152.235114597
110.035114597
164.035114597
131.335114597
134.535114597
