54.4675199993958
64.7135427646042
NA
80.098697916
72.598697916
68.398697916
45.398697916
58.798697916
49.698697916
64.198697916
38.398697916
48.998697916
78.198697916
36.398697916
77.298697916
37.598697916
80.498697916
79.498697916
73.398697916
69.098697916
75.898697916
81.598697916
71.098697916
81.698697916
82.198697916
69.098697916
80.298697916
79.898697916
76.698697916
70.598697916
42.298697916
82.398697916
49.798697916
44.498697916
31.498697916
32.398697916
32.998697916
32.498697916
32.998697916
31.498697916
32.898697916
32.098697916
32.398697916
31.998697916
31.198697916
32.398697916
31.498697916
32.198697916
31.198697916
32.898697916
31.398697916
31.598697916
32.098697916
32.798697916
32.398697916
31.198697916
31.498697916
32.098697916
31.998697916
31.798697916
32.998697916
31.298697916
39.798697916
31.398697916
39.698697916
36.998697916
47.598697916
47.398697916
33.698697916
50.798697916
49.798697916
35.798697916
51.098697916
35.798697916
47.298697916
34.898697916
46.098697916
49.298697916
52.498697916
36.198697916
43.898697916
53.398697916
54.398697916
51.398697916
43.498697916
42.098697916
32.798697916
53.298697916
48.798697916
32.598697916
40.298697916
33.698697916
34.898697916
41.698697916
46.098697916
42.498697916
36.098697916
39.798697916
32.398697916
32.998697916
32.698697916
40.598697916
35.798697916
36.698697916
39.498697916
41.498697916
39.798697916
33.398697916
46.298697916
40.298697916
31.398697916
43.198697916
45.498697916
33.298697916
36.598697916
37.498697916
35.598697916
45.498697916
38.898697916
33.998697916
34.298697916
45.998697916
43.098697916
62.898697916
81.598697916
81.898697916
80.898697916
81.198697916
70.298697916
70.398697916
77.698697916
48.098697916
81.198697916
81.998697916
67.098697916
35.798697916
82.298697916
39.798697916
81.398697916
72.598697916
71.098697916
81.298697916
80.098697916
81.298697916
80.598697916
78.198697916
80.598697916
80.298697916
80.798697916
75.898697916
78.298697916
80.298697916
81.798697916
80.198697916
81.798697916
82.098697916
61.898697916
57.698697916
42.898697916
79.998697916
61.698697916
34.498697916
81.298697916
45.798697916
80.698697916
81.598697916
81.398697916
80.998697916
69.898697916
80.998697916
79.498697916
40.498697916
73.498697916
80.098697916
82.298697916
69.298697916
81.898697916
72.998697916
71.798697916
80.898697916
39.198697916
71.798697916
80.898697916
68.198697916
80.798697916
57.198697916
75.498697916
63.498697916
76.698697916
80.698697916
80.498697916
75.998697916
82.298697916
80.498697916
79.898697916
65.198697916
80.498697916
39.898697916
76.798697916
52.798697916
47.898697916
62.398697916
72.598697916
78.998697916
73.698697916
80.098697916
48.998697916
76.998697916
79.798697916
79.998697916
81.198697916
81.698697916
72.698697916
37.398697916
75.298697916
34.998697916
32.998697916
31.598697916
33.998697916
34.798697916
35.198697916
33.598697916
36.198697916
34.198697916
34.998697916
35.298697916
34.398697916
34.598697916
34.798697916
32.498697916
33.698697916
34.698697916
34.798697916
33.498697916
35.298697916
32.098697916
34.198697916
33.398697916
34.998697916
35.398697916
35.798697916
34.398697916
34.298697916
32.898697916
35.398697916
32.098697916
36.998697916
70.198697916
80.598697916
70.998697916
52.698697916
71.498697916
81.698697916
80.898697916
81.598697916
81.898697916
69.098697916
73.698697916
80.198697916
82.298697916
80.298697916
80.498697916
79.998697916
80.998697916
72.698697916
82.198697916
80.398697916
79.898697916
76.698697916
71.198697916
80.698697916
81.498697916
77.298697916
79.998697916
72.698697916
80.198697916
58.898697916
67.098697916
54.398697916
68.798697916
60.298697916
62.198697916
52.098697916
38.498697916
55.198697916
57.898697916
32.698697916
55.098697916
50.498697916
61.698697916
55.498697916
76.298697916
49.098697916
53.698697916
50.398697916
49.698697916
66.798697916
62.898697916
54.098697916
61.598697916
76.898697916
53.298697916
35.298697916
52.698697916
59.998697916
60.498697916
73.698697916
41.898697916
38.698697916
35.698697916
41.398697916
58.098697916
63.598697916
61.398697916
42.998697916
36.698697916
42.298697916
64.198697916
40.898697916
45.898697916
37.098697916
37.798697916
44.898697916
44.998697916
67.398697916
39.998697916
46.798697916
57.598697916
39.498697916
33.798697916
52.598697916
39.598697916
42.598697916
35.598697916
40.998697916
58.298697916
61.398697916
84.298697916
68.898697916
42.998697916
71.798697916
69.198697916
92.198697916
82.598697916
102.498697916
57.498697916
58.798697916
35.398697916
52.698697916
43.198697916
72.498697916
74.798697916
54.598697916
90.898697916
34.298697916
65.598697916
55.698697916
97.898697916
64.498697916
43.198697916
35.798697916
56.998697916
99.898697916
69.098697916
81.698697916
65.398697916
91.198697916
72.398697916
