4.44576784540208
6.87901158725
NA
6.3423728814
7.1423728814
9.2423728814
5.0423728814
7.3423728814
6.9423728814
6.1423728814
7.2423728814
7.0423728814
4.3423728814
5.0423728814
5.1423728814
3.1423728814
7.3423728814
8.5423728814
6.3423728814
3.5423728814
6.0423728814
7.2423728814
3.6423728814
15.3423728814
4.6423728814
13.0423728814
12.1423728814
6.0423728814
3.7423728814
6.2423728814
8.3423728814
8.4423728814
11.1423728814
2.9423728814
4.7423728814
2.8423728814
5.3423728814
5.8423728814
9.6423728814
3.7423728814
7.1423728814
2.5423728814
5.7423728814
14.8423728814
3.6423728814
4.2423728814
4.6423728814
5.5423728814
12.3423728814
3.7423728814
5.3423728814
4.9423728814
3.8423728814
2.8423728814
3.1423728814
5.0423728814
4.8423728814
5.5423728814
2.6423728814
8.2423728814
2.7423728814
13.1423728814
4.1423728814
11.6423728814
2.8423728814
6.9423728814
5.7423728814
3.9423728814
4.5423728814
3.8423728814
4.7423728814
3.6423728814
11.4423728814
3.6423728814
3.7423728814
10.9423728814
8.9423728814
8.4423728814
3.1423728814
3.5423728814
4.0423728814
3.0423728814
4.6423728814
4.0423728814
5.4423728814
3.1423728814
2.5423728814
2.6423728814
3.6423728814
4.8423728814
4.1423728814
12.9423728814
5.4423728814
4.3423728814
7.9423728814
5.6423728814
7.0423728814
5.2423728814
3.6423728814
4.3423728814
3.1423728814
7.1423728814
6.9423728814
3.1423728814
7.5423728814
7.9423728814
5.7423728814
3.9423728814
6.9423728814
5.4423728814
5.2423728814
5.5423728814
4.8423728814
3.1423728814
3.4423728814
5.1423728814
5.6423728814
2.9423728814
3.5423728814
2.6423728814
6.5423728814
5.8423728814
3.6423728814
9.3423728814
6.6423728814
4.1423728814
5.1423728814
6.5423728814
8.6423728814
9.1423728814
5.9423728814
4.0423728814
5.4423728814
8.9423728814
8.6423728814
4.7423728814
5.6423728814
3.9423728814
9.3423728814
5.1423728814
6.2423728814
5.1423728814
8.9423728814
6.1423728814
8.6423728814
4.2423728814
6.7423728814
9.1423728814
7.2423728814
6.2423728814
6.2423728814
9.3423728814
7.0423728814
6.6423728814
8.6423728814
6.5423728814
10.0423728814
9.8423728814
3.1423728814
9.3423728814
5.0423728814
4.4423728814
5.7423728814
4.2423728814
9.5423728814
12.2423728814
10.9423728814
5.0423728814
5.3423728814
5.0423728814
7.1423728814
8.8423728814
5.0423728814
6.4423728814
10.7423728814
6.5423728814
4.3423728814
4.6423728814
3.0423728814
3.3423728814
6.0423728814
5.0423728814
9.8423728814
5.0423728814
5.1423728814
4.5423728814
5.7423728814
6.4423728814
6.4423728814
4.6423728814
5.7423728814
6.5423728814
3.0423728814
5.0423728814
5.6423728814
5.5423728814
4.4423728814
5.3423728814
6.6423728814
4.1423728814
6.5423728814
5.2423728814
5.2423728814
4.5423728814
4.4423728814
3.4423728814
6.6423728814
4.6423728814
4.7423728814
6.2423728814
6.5423728814
4.1423728814
4.5423728814
4.4423728814
6.1423728814
6.2423728814
5.6423728814
4.3423728814
6.6423728814
6.5423728814
6.7423728814
2.6423728814
3.4423728814
7.3423728814
6.2423728814
3.5423728814
7.3423728814
6.6423728814
6.2423728814
6.1423728814
6.5423728814
7.0423728814
7.3423728814
7.2423728814
7.0423728814
5.6423728814
6.5423728814
7.2423728814
3.7423728814
7.1423728814
4.5423728814
7.0423728814
6.5423728814
6.3423728814
7.5423728814
6.2423728814
7.5423728814
6.4423728814
10.5423728814
7.9423728814
7.1423728814
6.9423728814
12.6423728814
4.2423728814
8.7423728814
8.9423728814
9.5423728814
7.7423728814
5.3423728814
12.2423728814
6.9423728814
7.4423728814
3.8423728814
7.8423728814
5.3423728814
3.8423728814
6.8423728814
6.7423728814
12.9423728814
10.6423728814
7.5423728814
2.9423728814
2.8423728814
5.0423728814
9.7423728814
6.1423728814
4.2423728814
4.0423728814
3.7423728814
10.0423728814
3.9423728814
5.0423728814
5.0423728814
3.9423728814
4.6423728814
4.1423728814
3.0423728814
6.3423728814
4.9423728814
6.0423728814
4.7423728814
3.4423728814
6.1423728814
6.1423728814
2.5423728814
12.4423728814
5.1423728814
2.9423728814
4.4423728814
5.3423728814
6.3423728814
4.0423728814
12.6423728814
2.6423728814
3.1423728814
9.7423728814
3.2423728814
6.3423728814
4.7423728814
4.0423728814
2.5423728814
8.1423728814
6.2423728814
6.4423728814
5.3423728814
6.1423728814
6.4423728814
4.0423728814
3.9423728814
6.1423728814
6.1423728814
5.6423728814
6.6423728814
7.6423728814
4.0423728814
4.8423728814
6.7423728814
3.2423728814
3.9423728814
6.0423728814
4.9423728814
4.3423728814
3.3423728814
8.0423728814
6.6423728814
3.1423728814
5.3423728814
4.7423728814
4.2423728814
5.3423728814
4.4423728814
3.8423728814
4.7423728814
5.1423728814
2.7423728814
5.6423728814
4.8423728814
2.7423728814
4.4423728814
4.7423728814
4.7423728814
2.9423728814
4.2423728814
4.8423728814
4.5423728814
4.9423728814
2.9423728814
4.3423728814
3.6423728814
4.9423728814
2.5423728814
5.0423728814
4.3423728814
4.5423728814
2.9423728814
4.9423728814
5.2423728814
7.1423728814
