17.5898279902083
24.5521815754167
NA
35.8017094017
16.2017094017
9.4017094017
21.4017094017
11.3017094017
25.8017094017
23.2017094017
33.8017094017
12.0017094017
19.8017094017
19.9017094017
26.5017094017
17.4017094017
11.6017094017
27.5017094017
20.0017094017
14.8017094017
16.9017094017
28.9017094017
25.5017094017
16.5017094017
14.8017094017
21.1017094017
14.6017094017
39.6017094017
13.8017094017
20.6017094017
10.9017094017
11.2017094017
21.0017094017
20.2017094017
42.2017094017
40.1017094017
17.9017094017
39.5017094017
16.5017094017
21.3017094017
11.8017094017
19.8017094017
19.9017094017
33.1017094017
28.3017094017
18.1017094017
29.8017094017
11.2017094017
31.1017094017
9.5017094017
12.1017094017
28.0017094017
10.5017094017
21.8017094017
21.7017094017
16.9017094017
16.7017094017
23.0017094017
18.1017094017
10.9017094017
20.1017094017
17.7017094017
16.0017094017
9.5017094017
22.5017094017
21.4017094017
21.2017094017
13.2017094017
17.7017094017
15.7017094017
19.8017094017
16.9017094017
17.0017094017
32.2017094017
27.3017094017
28.6017094017
40.6017094017
11.6017094017
32.5017094017
17.4017094017
15.9017094017
23.2017094017
13.7017094017
22.8017094017
17.6017094017
16.9017094017
19.7017094017
12.3017094017
18.2017094017
12.1017094017
19.7017094017
16.5017094017
14.9017094017
31.5017094017
25.6017094017
21.3017094017
14.4017094017
28.2017094017
24.0017094017
18.2017094017
19.4017094017
21.7017094017
23.7017094017
15.5017094017
24.2017094017
22.0017094017
12.2017094017
11.8017094017
10.3017094017
17.4017094017
24.7017094017
11.3017094017
30.5017094017
12.3017094017
29.5017094017
13.9017094017
21.1017094017
23.0017094017
9.9017094017
22.2017094017
31.0017094017
18.1017094017
21.0017094017
24.7017094017
21.7017094017
13.3017094017
19.8017094017
28.0017094017
17.7017094017
10.1017094017
15.4017094017
19.4017094017
27.4017094017
13.3017094017
20.4017094017
21.8017094017
20.2017094017
13.9017094017
20.8017094017
24.6017094017
24.1017094017
15.4017094017
11.8017094017
11.6017094017
24.8017094017
21.5017094017
11.7017094017
15.6017094017
24.5017094017
15.8017094017
9.7017094017
17.2017094017
17.4017094017
21.1017094017
25.3017094017
24.7017094017
25.5017094017
16.0017094017
25.0017094017
25.7017094017
23.3017094017
25.5017094017
21.8017094017
18.9017094017
20.9017094017
21.3017094017
12.3017094017
17.1017094017
19.4017094017
17.9017094017
22.1017094017
21.2017094017
23.9017094017
22.0017094017
22.1017094017
17.0017094017
24.1017094017
19.3017094017
26.1017094017
10.4017094017
24.6017094017
21.4017094017
22.1017094017
21.4017094017
21.7017094017
23.0017094017
20.2017094017
14.9017094017
30.5017094017
18.0017094017
24.2017094017
21.4017094017
23.4017094017
31.4017094017
27.9017094017
11.4017094017
19.6017094017
18.0017094017
29.9017094017
16.9017094017
19.1017094017
30.4017094017
26.0017094017
21.4017094017
29.5017094017
15.3017094017
24.0017094017
28.9017094017
27.7017094017
16.1017094017
26.4017094017
13.7017094017
23.1017094017
11.4017094017
23.7017094017
23.9017094017
17.5017094017
15.3017094017
20.7017094017
24.5017094017
17.3017094017
14.2017094017
23.8017094017
12.3017094017
11.6017094017
14.9017094017
15.6017094017
12.3017094017
10.7017094017
10.8017094017
24.9017094017
16.0017094017
21.5017094017
10.4017094017
12.3017094017
14.2017094017
20.6017094017
19.4017094017
17.6017094017
16.2017094017
21.0017094017
17.9017094017
11.9017094017
17.2017094017
12.8017094017
20.1017094017
27.7017094017
12.3017094017
31.1017094017
16.3017094017
22.6017094017
12.4017094017
26.4017094017
22.3017094017
30.2017094017
27.7017094017
19.0017094017
26.0017094017
9.6017094017
20.2017094017
17.0017094017
25.0017094017
19.3017094017
19.2017094017
18.8017094017
30.2017094017
12.8017094017
28.9017094017
24.1017094017
24.3017094017
20.7017094017
30.3017094017
31.8017094017
16.1017094017
18.3017094017
13.8017094017
23.8017094017
22.4017094017
24.4017094017
22.7017094017
9.6017094017
24.0017094017
38.9017094017
15.4017094017
23.7017094017
25.4017094017
24.0017094017
25.1017094017
39.4017094017
26.4017094017
13.4017094017
31.7017094017
43.0017094017
33.8017094017
26.5017094017
24.9017094017
17.5017094017
24.5017094017
24.8017094017
29.6017094017
23.8017094017
43.4017094017
31.2017094017
23.1017094017
21.4017094017
17.0017094017
11.6017094017
23.9017094017
20.0017094017
27.7017094017
26.6017094017
20.3017094017
15.2017094017
21.0017094017
24.1017094017
25.3017094017
28.5017094017
24.2017094017
16.8017094017
22.9017094017
19.5017094017
17.1017094017
28.2017094017
10.8017094017
15.4017094017
23.3017094017
17.6017094017
16.0017094017
18.9017094017
26.9017094017
24.3017094017
26.1017094017
25.2017094017
13.1017094017
24.8017094017
26.1017094017
22.8017094017
20.3017094017
24.3017094017
38.2017094017
20.1017094017
21.9017094017
33.9017094017
13.6017094017
18.9017094017
45.8017094017
19.7017094017
24.3017094017
58.1017094017
18.9017094017
21.1017094017
45.5017094017
22.7017094017
49.0017094017
19.6017094017
20.4017094017
15.8017094017
49.2017094017
15.3017094017
23.8017094017
12.4017094017
13.4017094017
21.1017094017
58.1017094017
21.7017094017
50.9017094017
34.0017094017
34.7017094017
