15.6007020184708
22.3940359723125
NA
21.8392829607
18.2392829607
29.3392829607
23.0392829607
18.9392829607
23.6392829607
21.3392829607
1.8392829607
28.1392829607
29.5392829607
22.5392829607
28.5392829607
8.1392829607
27.6392829607
22.7392829607
2.7392829607
24.7392829607
18.9392829607
29.3392829607
10.5392829607
24.7392829607
18.8392829607
28.5392829607
5.0392829607
18.2392829607
20.9392829607
27.3392829607
24.2392829607
28.8392829607
14.0392829607
1.8392829607
13.1392829607
12.3392829607
17.7392829607
18.1392829607
16.3392829607
18.7392829607
20.8392829607
19.0392829607
17.7392829607
28.1392829607
11.2392829607
22.9392829607
21.9392829607
17.5392829607
12.0392829607
26.0392829607
6.3392829607
10.5392829607
25.4392829607
17.9392829607
19.8392829607
25.6392829607
25.1392829607
27.9392829607
19.0392829607
25.8392829607
7.2392829607
28.6392829607
29.1392829607
11.3392829607
15.8392829607
22.5392829607
24.5392829607
17.3392829607
22.6392829607
9.9392829607
20.2392829607
27.6392829607
21.1392829607
6.1392829607
18.6392829607
3.3392829607
20.3392829607
23.9392829607
17.7392829607
18.8392829607
28.0392829607
21.6392829607
22.8392829607
19.0392829607
18.4392829607
16.1392829607
21.4392829607
26.0392829607
28.2392829607
29.9392829607
17.8392829607
17.0392829607
27.8392829607
27.0392829607
18.7392829607
4.6392829607
24.6392829607
20.2392829607
10.1392829607
26.2392829607
21.4392829607
18.9392829607
16.1392829607
28.1392829607
24.9392829607
17.6392829607
13.8392829607
25.9392829607
2.8392829607
10.0392829607
23.2392829607
28.2392829607
23.4392829607
23.2392829607
26.7392829607
29.8392829607
22.9392829607
22.2392829607
18.8392829607
19.2392829607
19.9392829607
18.1392829607
18.0392829607
30.3392829607
18.6392829607
28.6392829607
4.9392829607
26.6392829607
18.9392829607
29.4392829607
27.7392829607
26.7392829607
18.1392829607
18.4392829607
30.1392829607
9.4392829607
16.8392829607
30.0392829607
20.5392829607
17.3392829607
15.6392829607
18.4392829607
9.0392829607
24.5392829607
9.8392829607
4.0392829607
18.4392829607
26.3392829607
22.4392829607
11.8392829607
6.7392829607
26.8392829607
27.8392829607
19.4392829607
18.7392829607
18.5392829607
16.4392829607
19.8392829607
7.7392829607
24.2392829607
2.3392829607
16.3392829607
14.2392829607
18.0392829607
23.2392829607
19.3392829607
19.4392829607
20.5392829607
13.4392829607
16.0392829607
18.6392829607
25.1392829607
18.2392829607
21.7392829607
19.3392829607
16.4392829607
1.1392829607
16.9392829607
16.3392829607
17.2392829607
19.8392829607
18.5392829607
6.0392829607
17.5392829607
17.3392829607
8.2392829607
25.9392829607
9.9392829607
18.5392829607
11.0392829607
23.6392829607
18.3392829607
17.3392829607
17.0392829607
18.5392829607
20.8392829607
5.6392829607
22.5392829607
26.3392829607
16.6392829607
18.4392829607
22.8392829607
27.8392829607
10.9392829607
24.1392829607
7.8392829607
20.5392829607
17.0392829607
26.1392829607
17.2392829607
20.4392829607
6.1392829607
9.0392829607
26.6392829607
1.9392829607
15.2392829607
22.0392829607
18.8392829607
4.9392829607
15.5392829607
21.0392829607
19.5392829607
19.0392829607
16.9392829607
21.7392829607
22.4392829607
16.8392829607
17.1392829607
14.4392829607
19.2392829607
24.2392829607
23.3392829607
21.2392829607
17.8392829607
17.3392829607
3.2392829607
21.3392829607
16.7392829607
17.8392829607
21.7392829607
2.5392829607
20.7392829607
16.9392829607
20.8392829607
23.8392829607
16.7392829607
27.5392829607
6.7392829607
15.1392829607
17.5392829607
3.3392829607
3.0392829607
17.1392829607
26.3392829607
18.4392829607
29.4392829607
5.2392829607
13.8392829607
18.9392829607
30.7392829607
22.9392829607
29.1392829607
20.1392829607
27.4392829607
22.7392829607
23.2392829607
23.0392829607
22.8392829607
3.5392829607
24.0392829607
12.7392829607
23.3392829607
27.1392829607
16.9392829607
21.2392829607
13.1392829607
21.9392829607
25.8392829607
18.8392829607
25.7392829607
25.5392829607
21.2392829607
20.2392829607
23.5392829607
25.4392829607
24.2392829607
9.7392829607
23.9392829607
24.2392829607
24.9392829607
17.4392829607
14.5392829607
20.9392829607
21.6392829607
25.5392829607
23.8392829607
25.4392829607
24.8392829607
17.9392829607
24.4392829607
25.2392829607
11.3392829607
25.4392829607
22.2392829607
21.1392829607
24.5392829607
23.0392829607
3.8392829607
0.6392829607
16.0392829607
19.7392829607
4.0392829607
5.0392829607
1.0392829607
0.6392829607
2.8392829607
15.1392829607
1.8392829607
12.5392829607
0.6392829607
0.9392829607
1.2392829607
6.3392829607
3.0392829607
0.6392829607
0.7392829607
11.0392829607
3.8392829607
3.2392829607
4.3392829607
1.4392829607
0.6392829607
19.0392829607
12.8392829607
8.6392829607
6.4392829607
3.0392829607
29.9392829607
9.9392829607
21.8392829607
18.7392829607
18.2392829607
5.5392829607
30.3392829607
22.7392829607
25.8392829607
10.3392829607
13.3392829607
28.4392829607
24.1392829607
19.6392829607
25.3392829607
17.9392829607
20.6392829607
28.8392829607
24.0392829607
27.7392829607
18.7392829607
18.6392829607
29.9392829607
29.9392829607
27.6392829607
21.3392829607
30.2392829607
25.5392829607
3.7392829607
0.8392829607
17.1392829607
