4.4
5.8416553519625
NA
5.8764705882
6.0764705882
1.6764705882
3.0764705882
2.1764705882
5.2764705882
5.6764705882
2.0764705882
4.1764705882
3.3764705882
3.7764705882
3.2764705882
3.2764705882
4.6764705882
5.9764705882
4.5764705882
1.9764705882
4.0764705882
4.0764705882
5.8764705882
4.1764705882
4.8764705882
5.5764705882
2.2764705882
4.0764705882
2.3764705882
4.0764705882
4.5764705882
3.4764705882
4.0764705882
4.0764705882
4.4764705882
4.4764705882
2.0764705882
5.3764705882
4.3764705882
2.2764705882
4.3764705882
2.7764705882
4.2764705882
2.6764705882
4.5764705882
2.3764705882
1.5764705882
2.1764705882
5.2764705882
2.4764705882
4.4764705882
4.3764705882
4.5764705882
5.8764705882
4.8764705882
1.9764705882
6.0764705882
4.0764705882
1.9764705882
4.5764705882
4.3764705882
4.8764705882
6.7764705882
5.6764705882
4.6764705882
3.2764705882
4.1764705882
3.6764705882
5.3764705882
4.6764705882
3.9764705882
7.0764705882
1.9764705882
4.8764705882
3.6764705882
6.7764705882
4.2764705882
6.0764705882
2.9764705882
3.7764705882
4.0764705882
3.9764705882
3.8764705882
4.7764705882
3.9764705882
3.7764705882
1.8764705882
3.8764705882
5.6764705882
1.8764705882
3.9764705882
2.2764705882
4.8764705882
9.4764705882
4.6764705882
2.2764705882
5.2764705882
1.2764705882
4.9764705882
5.1764705882
5.5764705882
4.9764705882
4.2764705882
9.2764705882
4.6764705882
2.3764705882
5.4764705882
6.1764705882
4.3764705882
1.4764705882
5.1764705882
2.7764705882
4.6764705882
5.4764705882
5.1764705882
5.2764705882
5.2764705882
4.9764705882
5.2764705882
4.2764705882
7.6764705882
8.7764705882
5.3764705882
4.1764705882
2.1764705882
2.1764705882
4.2764705882
6.1764705882
6.2764705882
3.8764705882
6.3764705882
4.8764705882
4.2764705882
6.4764705882
3.7764705882
2.0764705882
2.5764705882
6.2764705882
1.1764705882
6.6764705882
6.8764705882
6.2764705882
6.2764705882
3.6764705882
6.6764705882
4.3764705882
5.0764705882
3.6764705882
3.3764705882
5.9764705882
1.2764705882
4.9764705882
2.0764705882
3.1764705882
9.2764705882
5.4764705882
8.3764705882
5.0764705882
9.4764705882
5.1764705882
8.2764705882
2.6764705882
4.1764705882
2.4764705882
4.5764705882
1.3764705882
3.4764705882
7.3764705882
9.9764705882
8.2764705882
6.4764705882
9.4764705882
8.3764705882
9.3764705882
9.9764705882
2.7764705882
6.5764705882
3.3764705882
5.4764705882
2.0764705882
3.3764705882
9.9764705882
9.9764705882
9.8764705882
8.0764705882
6.5764705882
3.5764705882
8.3764705882
1.7764705882
4.6764705882
1.7764705882
8.0764705882
5.4764705882
8.2764705882
2.9764705882
8.2764705882
4.4764705882
2.6764705882
3.7764705882
3.3764705882
7.0764705882
6.0764705882
8.0764705882
7.4764705882
7.3764705882
8.3764705882
2.6764705882
5.8764705882
1.8764705882
8.0764705882
6.2764705882
8.1764705882
6.3764705882
6.8764705882
7.1764705882
9.6764705882
5.9764705882
6.9764705882
6.4764705882
5.3764705882
5.1764705882
6.0764705882
4.7764705882
4.7764705882
14.1764705882
5.2764705882
1.9764705882
13.3764705882
5.1764705882
6.3764705882
3.5764705882
5.3764705882
16.7764705882
5.4764705882
5.0764705882
2.1764705882
5.6764705882
6.1764705882
2.8764705882
5.4764705882
6.0764705882
5.0764705882
6.0764705882
15.4764705882
3.1764705882
6.4764705882
3.4764705882
2.9764705882
4.9764705882
5.4764705882
5.4764705882
4.9764705882
4.0764705882
5.0764705882
5.4764705882
2.2764705882
4.2764705882
5.3764705882
1.9764705882
5.3764705882
2.9764705882
1.8764705882
3.7764705882
1.7764705882
2.5764705882
4.3764705882
3.3764705882
5.4764705882
2.5764705882
4.0764705882
3.8764705882
1.8764705882
4.7764705882
5.4764705882
4.9764705882
2.2764705882
4.1764705882
3.6764705882
4.0764705882
4.1764705882
4.2764705882
3.7764705882
2.0764705882
3.0764705882
4.3764705882
2.0764705882
4.3764705882
2.5764705882
3.5764705882
3.5764705882
3.5764705882
2.0764705882
4.5764705882
1.1764705882
2.3764705882
3.7764705882
2.8764705882
2.4764705882
3.0764705882
4.6764705882
4.1764705882
4.5764705882
4.0764705882
3.5764705882
4.2764705882
2.9764705882
4.2764705882
6.7764705882
3.7764705882
5.3764705882
7.5764705882
5.9764705882
4.0764705882
3.9764705882
2.9764705882
6.9764705882
4.4764705882
5.3764705882
7.3764705882
4.6764705882
1.6764705882
3.8764705882
4.6764705882
1.2764705882
3.9764705882
6.4764705882
4.1764705882
7.5764705882
6.2764705882
4.5764705882
7.0764705882
6.3764705882
4.6764705882
4.5764705882
3.9764705882
3.9764705882
3.1764705882
4.6764705882
2.0764705882
4.2764705882
9.1764705882
4.5764705882
8.8764705882
1.9764705882
4.8764705882
4.0764705882
4.7764705882
6.4764705882
1.5764705882
4.0764705882
4.4764705882
3.4764705882
2.9764705882
4.7764705882
4.8764705882
4.1764705882
4.7764705882
8.9764705882
2.8764705882
4.7764705882
2.2764705882
4.0764705882
4.6764705882
1.8764705882
4.4764705882
4.0764705882
2.2764705882
4.7764705882
