4.54864380624583
5.24805790960208
NA
4.9423728814
4.7423728814
5.9423728814
5.0423728814
4.6423728814
3.5423728814
3.6423728814
3.5423728814
9.0423728814
7.5423728814
7.5423728814
5.1423728814
2.5423728814
3.9423728814
4.8423728814
4.6423728814
3.1423728814
3.1423728814
4.8423728814
5.1423728814
3.5423728814
7.9423728814
5.0423728814
4.8423728814
8.3423728814
3.4423728814
3.6423728814
3.3423728814
4.9423728814
3.8423728814
2.9423728814
7.7423728814
2.8423728814
4.5423728814
4.5423728814
4.1423728814
5.0423728814
4.4423728814
3.3423728814
3.3423728814
3.9423728814
8.1423728814
4.5423728814
2.6423728814
4.6423728814
4.5423728814
4.2423728814
7.8423728814
5.9423728814
2.8423728814
4.5423728814
4.3423728814
2.6423728814
3.8423728814
2.5423728814
6.5423728814
4.1423728814
3.7423728814
3.9423728814
4.9423728814
4.4423728814
3.3423728814
3.2423728814
2.8423728814
6.3423728814
4.8423728814
4.6423728814
5.0423728814
4.4423728814
5.0423728814
5.7423728814
3.8423728814
3.6423728814
4.7423728814
4.4423728814
6.1423728814
6.5423728814
4.8423728814
4.8423728814
6.2423728814
5.1423728814
4.4423728814
5.3423728814
5.9423728814
5.2423728814
4.4423728814
4.6423728814
3.0423728814
4.8423728814
3.1423728814
4.9423728814
3.4423728814
5.5423728814
3.8423728814
5.6423728814
3.5423728814
3.6423728814
2.7423728814
3.2423728814
4.1423728814
5.2423728814
3.4423728814
5.8423728814
3.3423728814
5.7423728814
3.8423728814
5.2423728814
5.2423728814
5.5423728814
2.8423728814
5.8423728814
3.4423728814
5.7423728814
3.4423728814
3.0423728814
3.8423728814
5.3423728814
5.1423728814
5.8423728814
3.8423728814
4.3423728814
6.7423728814
3.0423728814
6.3423728814
5.2423728814
3.2423728814
5.5423728814
6.0423728814
6.3423728814
4.6423728814
6.3423728814
6.6423728814
6.1423728814
4.5423728814
5.9423728814
3.2423728814
4.3423728814
6.3423728814
5.1423728814
5.5423728814
3.6423728814
6.5423728814
4.6423728814
3.7423728814
2.9423728814
3.0423728814
3.2423728814
6.1423728814
6.6423728814
6.3423728814
4.6423728814
4.1423728814
5.7423728814
6.2423728814
5.4423728814
4.8423728814
6.5423728814
6.6423728814
3.4423728814
6.7423728814
5.7423728814
3.5423728814
4.4423728814
4.4423728814
5.8423728814
6.7423728814
6.3423728814
6.3423728814
5.1423728814
5.2423728814
5.1423728814
5.0423728814
6.1423728814
6.2423728814
3.7423728814
6.6423728814
4.6423728814
4.9423728814
4.9423728814
6.6423728814
5.2423728814
2.7423728814
6.5423728814
6.2423728814
6.3423728814
6.1423728814
6.0423728814
6.6423728814
3.5423728814
6.6423728814
4.1423728814
6.1423728814
6.3423728814
6.6423728814
5.4423728814
3.3423728814
6.5423728814
5.9423728814
6.4423728814
6.6423728814
4.1423728814
6.6423728814
6.1423728814
4.3423728814
6.2423728814
5.1423728814
6.0423728814
5.2423728814
6.2423728814
6.6423728814
6.6423728814
6.0423728814
2.8423728814
3.5423728814
3.1423728814
2.6423728814
3.0423728814
4.2423728814
3.2423728814
4.1423728814
3.9423728814
3.9423728814
3.3423728814
4.1423728814
3.7423728814
3.4423728814
3.5423728814
4.1423728814
2.9423728814
3.4423728814
3.9423728814
3.4423728814
4.3423728814
3.6423728814
3.5423728814
3.6423728814
3.5423728814
2.6423728814
4.3423728814
3.2423728814
2.9423728814
3.0423728814
4.1423728814
3.6423728814
3.0423728814
2.9423728814
3.0423728814
2.5423728814
3.6423728814
3.6423728814
4.2423728814
3.0423728814
4.1423728814
2.7423728814
3.3423728814
3.8423728814
3.3423728814
3.5423728814
4.3423728814
3.1423728814
3.7423728814
2.6423728814
3.9423728814
3.2423728814
3.4423728814
4.0423728814
3.7423728814
4.3423728814
3.2423728814
2.8423728814
3.3423728814
3.5423728814
2.7423728814
3.3423728814
4.0423728814
2.7423728814
2.7423728814
4.4423728814
2.9423728814
3.2423728814
3.1423728814
3.2423728814
4.4423728814
3.2423728814
3.3423728814
3.3423728814
3.5423728814
4.4423728814
3.2423728814
2.5423728814
3.4423728814
4.4423728814
3.0423728814
3.3423728814
2.6423728814
3.1423728814
3.8423728814
4.0423728814
3.4423728814
4.2423728814
3.1423728814
4.4423728814
4.0423728814
3.8423728814
2.8423728814
3.5423728814
4.7423728814
4.9423728814
4.8423728814
3.0423728814
4.1423728814
4.0423728814
3.9423728814
4.7423728814
2.8423728814
4.8423728814
4.8423728814
4.8423728814
4.8423728814
3.9423728814
4.8423728814
4.7423728814
5.0423728814
4.5423728814
3.4423728814
5.0423728814
5.0423728814
4.6423728814
4.5423728814
3.3423728814
5.0423728814
4.7423728814
5.0423728814
4.7423728814
3.8423728814
4.8423728814
5.7423728814
4.5423728814
5.5423728814
3.7423728814
5.3423728814
5.3423728814
4.8423728814
5.3423728814
3.8423728814
4.8423728814
3.4423728814
3.7423728814
5.8423728814
5.8423728814
3.0423728814
3.5423728814
3.0423728814
3.9423728814
3.8423728814
5.7423728814
2.8423728814
5.0423728814
3.1423728814
4.6423728814
5.0423728814
2.9423728814
3.1423728814
3.5423728814
4.3423728814
