4.01648754245208
5.20724087602917
NA
5.1018018018
6.9018018018
5.2018018018
6.2018018018
6.1018018018
5.9018018018
6.8018018018
1.9018018018
2.1018018018
5.1018018018
5.7018018018
7.1018018018
8.0018018018
7.4018018018
6.3018018018
2.9018018018
7.5018018018
5.1018018018
5.8018018018
2.6018018018
5.8018018018
2.0018018018
5.9018018018
3.9018018018
2.0018018018
3.1018018018
5.0018018018
5.0018018018
5.9018018018
7.4018018018
4.4018018018
7.1018018018
3.3018018018
4.9018018018
5.0018018018
4.1018018018
2.1018018018
5.6018018018
4.8018018018
4.9018018018
7.0018018018
4.8018018018
4.7018018018
2.2018018018
7.0018018018
7.3018018018
6.3018018018
4.7018018018
4.9018018018
2.3018018018
5.2018018018
6.6018018018
4.8018018018
4.9018018018
4.7018018018
6.6018018018
4.9018018018
4.9018018018
5.0018018018
2.9018018018
9.4018018018
8.9018018018
2.5018018018
3.4018018018
2.1018018018
4.3018018018
2.9018018018
4.5018018018
4.0018018018
2.6018018018
4.4018018018
6.1018018018
3.7018018018
4.4018018018
4.1018018018
9.7018018018
3.7018018018
4.5018018018
3.9018018018
4.0018018018
3.8018018018
4.9018018018
5.0018018018
8.4018018018
11.0018018018
3.8018018018
4.3018018018
5.1018018018
9.8018018018
3.8018018018
3.9018018018
4.1018018018
4.2018018018
6.6018018018
3.9018018018
4.0018018018
4.0018018018
3.0018018018
3.8018018018
4.9018018018
1.8018018018
4.9018018018
3.9018018018
2.7018018018
4.2018018018
2.8018018018
4.3018018018
4.3018018018
4.3018018018
2.4018018018
3.8018018018
4.1018018018
3.8018018018
3.8018018018
1.9018018018
7.0018018018
4.0018018018
3.7018018018
3.7018018018
4.1018018018
4.7018018018
3.6018018018
3.8018018018
3.9018018018
5.2018018018
4.3018018018
3.8018018018
2.8018018018
3.9018018018
2.6018018018
3.8018018018
5.0018018018
4.0018018018
4.6018018018
3.5018018018
2.3018018018
3.6018018018
5.1018018018
2.7018018018
3.8018018018
3.5018018018
4.4018018018
2.7018018018
4.1018018018
5.0018018018
2.6018018018
4.7018018018
1.9018018018
3.5018018018
2.4018018018
4.5018018018
4.1018018018
1.9018018018
4.2018018018
4.0018018018
3.8018018018
3.9018018018
4.1018018018
4.8018018018
2.7018018018
3.0018018018
4.1018018018
3.9018018018
3.8018018018
2.1018018018
3.9018018018
4.1018018018
1.9018018018
2.2018018018
4.2018018018
2.0018018018
4.1018018018
3.8018018018
3.9018018018
2.9018018018
4.0018018018
3.2018018018
7.0018018018
1.8018018018
4.0018018018
2.4018018018
1.8018018018
4.3018018018
6.1018018018
2.1018018018
4.0018018018
4.0018018018
4.3018018018
1.8018018018
4.3018018018
4.4018018018
3.7018018018
6.1018018018
6.1018018018
4.4018018018
3.7018018018
4.4018018018
4.6018018018
5.3018018018
6.0018018018
4.4018018018
3.6018018018
2.8018018018
2.9018018018
2.2018018018
4.3018018018
3.4018018018
6.0018018018
4.5018018018
1.8018018018
5.6018018018
6.0018018018
7.3018018018
2.0018018018
8.4018018018
3.6018018018
5.8018018018
8.1018018018
4.3018018018
3.5018018018
4.2018018018
3.9018018018
3.5018018018
2.4018018018
4.3018018018
5.9018018018
4.5018018018
4.1018018018
7.6018018018
4.1018018018
3.1018018018
4.2018018018
4.4018018018
4.1018018018
6.4018018018
4.2018018018
2.3018018018
6.3018018018
5.1018018018
7.3018018018
3.0018018018
4.0018018018
3.8018018018
2.8018018018
2.6018018018
4.9018018018
2.2018018018
4.4018018018
1.8018018018
2.7018018018
4.8018018018
5.6018018018
9.0018018018
2.4018018018
3.8018018018
3.2018018018
2.5018018018
3.8018018018
5.5018018018
4.6018018018
2.3018018018
2.0018018018
5.5018018018
6.1018018018
2.6018018018
9.1018018018
4.7018018018
2.1018018018
2.2018018018
2.3018018018
2.0018018018
5.3018018018
4.4018018018
5.1018018018
4.9018018018
7.3018018018
4.8018018018
1.8018018018
3.4018018018
7.4018018018
1.9018018018
6.3018018018
5.2018018018
8.9018018018
2.1018018018
6.3018018018
2.4018018018
8.3018018018
6.1018018018
4.8018018018
7.1018018018
9.0018018018
5.7018018018
4.6018018018
3.9018018018
5.2018018018
6.4018018018
5.0018018018
4.9018018018
2.0018018018
6.1018018018
5.4018018018
6.7018018018
5.1018018018
5.9018018018
3.2018018018
5.0018018018
5.5018018018
4.3018018018
5.5018018018
3.7018018018
5.4018018018
2.2018018018
5.0018018018
8.4018018018
6.2018018018
4.9018018018
6.2018018018
4.9018018018
5.1018018018
5.3018018018
6.1018018018
5.0018018018
5.3018018018
6.1018018018
6.3018018018
6.0018018018
7.9018018018
3.3018018018
2.5018018018
5.3018018018
6.0018018018
6.6018018018
10.4018018018
4.8018018018
2.4018018018
5.0018018018
6.4018018018
3.0018018018
3.3018018018
4.5018018018
2.2018018018
5.5018018018
1.9018018018
5.0018018018
3.9018018018
4.5018018018
6.5018018018
4.8018018018
2.5018018018
5.3018018018
5.4018018018
6.4018018018
6.8018018018
6.4018018018
6.4018018018
6.0018018018
2.8018018018
6.2018018018
4.1018018018
4.0018018018
4.2018018018
6.7018018018
6.9018018018
4.1018018018
