16.3107300125625
24.2535735030625
NA
35.2238095238
32.7238095238
40.5238095238
43.6238095238
25.8238095238
36.7238095238
25.9238095238
40.9238095238
28.5238095238
24.6238095238
20.0238095238
22.7238095238
10.6238095238
22.7238095238
10.7238095238
28.7238095238
31.4238095238
40.0238095238
9.9238095238
18.8238095238
25.6238095238
25.6238095238
29.2238095238
35.1238095238
33.1238095238
43.1238095238
17.0238095238
23.8238095238
33.0238095238
25.9238095238
15.9238095238
10.1238095238
14.8238095238
30.2238095238
34.0238095238
19.0238095238
19.0238095238
16.3238095238
40.4238095238
17.8238095238
18.5238095238
28.4238095238
11.8238095238
26.9238095238
44.7238095238
27.4238095238
23.3238095238
14.3238095238
29.2238095238
22.5238095238
27.9238095238
15.0238095238
19.8238095238
23.2238095238
25.7238095238
18.3238095238
30.5238095238
13.1238095238
13.7238095238
10.1238095238
16.3238095238
9.7238095238
22.7238095238
26.7238095238
10.5238095238
10.4238095238
28.4238095238
31.5238095238
12.3238095238
26.3238095238
34.5238095238
33.4238095238
23.3238095238
22.6238095238
21.1238095238
22.9238095238
14.8238095238
23.5238095238
16.4238095238
35.4238095238
21.6238095238
9.7238095238
37.5238095238
23.6238095238
23.9238095238
9.8238095238
20.6238095238
18.7238095238
13.0238095238
26.8238095238
21.2238095238
10.8238095238
19.5238095238
20.7238095238
15.5238095238
17.1238095238
19.9238095238
9.7238095238
18.3238095238
11.4238095238
16.5238095238
16.4238095238
33.8238095238
18.8238095238
43.6238095238
15.1238095238
20.7238095238
20.1238095238
17.8238095238
47.1238095238
46.8238095238
35.7238095238
18.2238095238
17.7238095238
13.0238095238
15.9238095238
20.2238095238
18.0238095238
17.0238095238
36.8238095238
14.9238095238
14.7238095238
10.5238095238
9.5238095238
12.1238095238
27.0238095238
21.9238095238
12.1238095238
16.5238095238
16.9238095238
11.5238095238
14.9238095238
28.9238095238
36.9238095238
24.9238095238
14.9238095238
9.7238095238
17.0238095238
15.2238095238
40.6238095238
14.2238095238
13.5238095238
13.4238095238
20.1238095238
45.1238095238
19.8238095238
39.4238095238
11.1238095238
18.6238095238
37.2238095238
39.5238095238
14.3238095238
14.8238095238
10.9238095238
10.6238095238
10.8238095238
21.1238095238
12.8238095238
16.3238095238
44.1238095238
16.3238095238
43.9238095238
44.6238095238
13.4238095238
24.9238095238
18.0238095238
16.4238095238
14.8238095238
13.7238095238
14.9238095238
14.0238095238
25.0238095238
18.4238095238
17.7238095238
15.3238095238
15.1238095238
14.3238095238
38.4238095238
14.0238095238
35.7238095238
17.2238095238
19.0238095238
22.2238095238
19.8238095238
14.4238095238
19.5238095238
12.2238095238
13.4238095238
10.2238095238
14.6238095238
12.1238095238
10.1238095238
16.5238095238
11.6238095238
10.8238095238
14.9238095238
14.8238095238
14.6238095238
14.9238095238
11.8238095238
15.5238095238
12.6238095238
14.9238095238
12.5238095238
21.7238095238
11.4238095238
12.6238095238
12.7238095238
14.8238095238
15.8238095238
14.9238095238
15.3238095238
11.7238095238
19.4238095238
17.9238095238
16.3238095238
11.0238095238
10.0238095238
16.2238095238
25.6238095238
15.9238095238
22.3238095238
9.5238095238
23.8238095238
13.3238095238
15.0238095238
13.8238095238
9.5238095238
11.5238095238
13.5238095238
13.6238095238
19.3238095238
15.0238095238
10.5238095238
31.4238095238
18.8238095238
22.1238095238
13.9238095238
14.1238095238
20.4238095238
10.7238095238
14.1238095238
9.9238095238
17.8238095238
16.5238095238
21.4238095238
20.9238095238
10.5238095238
34.9238095238
19.0238095238
22.0238095238
32.6238095238
36.6238095238
22.5238095238
9.6238095238
37.5238095238
33.0238095238
13.5238095238
12.3238095238
12.3238095238
26.5238095238
28.3238095238
14.3238095238
26.0238095238
12.3238095238
10.1238095238
24.5238095238
15.0238095238
19.0238095238
19.3238095238
21.4238095238
10.1238095238
13.0238095238
27.7238095238
19.6238095238
19.9238095238
13.4238095238
19.4238095238
18.7238095238
23.9238095238
17.1238095238
9.9238095238
11.6238095238
18.1238095238
19.5238095238
16.0238095238
19.7238095238
16.2238095238
11.3238095238
21.5238095238
25.4238095238
18.7238095238
9.7238095238
12.5238095238
18.9238095238
21.8238095238
26.3238095238
14.8238095238
19.5238095238
16.9238095238
23.3238095238
10.5238095238
26.6238095238
13.2238095238
20.8238095238
20.6238095238
16.1238095238
16.7238095238
18.4238095238
22.7238095238
45.5238095238
23.6238095238
27.2238095238
12.3238095238
23.3238095238
23.1238095238
25.6238095238
60.7238095238
39.8238095238
11.9238095238
25.2238095238
27.1238095238
10.7238095238
24.1238095238
49.3238095238
33.9238095238
51.6238095238
40.3238095238
12.2238095238
18.6238095238
26.5238095238
34.4238095238
11.0238095238
15.9238095238
67.3238095238
14.1238095238
22.7238095238
21.5238095238
13.6238095238
18.4238095238
56.6238095238
22.5238095238
25.5238095238
55.0238095238
11.6238095238
25.7238095238
25.3238095238
27.8238095238
24.6238095238
16.6238095238
26.5238095238
25.1238095238
24.9238095238
101.1238095238
89.2238095238
68.1238095238
22.8238095238
9.9238095238
22.1238095238
22.3238095238
22.0238095238
16.4238095238
23.0238095238
26.0238095238
19.0238095238
