3.66925489077292
3.68301855646042
NA
3.1964202335
3.1964202335
3.1964202335
3.1964202335
3.1964202335
3.1964202335
3.1964202335
3.1964202335
3.1964202335
3.1964202335
3.1964202335
3.1964202335
3.1964202335
3.1964202335
3.1964202335
3.1964202335
3.1964202335
3.1964202335
3.1964202335
3.1964202335
3.1964202335
3.1964202335
3.1964202335
3.1964202335
3.1964202335
3.1964202335
3.1964202335
3.1964202335
3.1964202335
3.1964202335
3.1964202335
3.1964202335
3.1964202335
3.1964202335
3.1964202335
3.1964202335
3.1964202335
3.1964202335
3.1964202335
3.1964202335
3.1964202335
3.1964202335
3.1964202335
3.1964202335
3.1964202335
3.1964202335
3.1964202335
3.1964202335
3.1964202335
3.1964202335
3.1964202335
3.1964202335
3.1964202335
3.1964202335
3.1964202335
3.1964202335
3.1964202335
3.1964202335
3.1964202335
3.1964202335
3.1964202335
3.1964202335
3.1964202335
3.1964202335
3.1964202335
3.1964202335
3.1964202335
3.1964202335
3.1964202335
3.1964202335
3.1964202335
3.1964202335
3.1964202335
3.1964202335
3.1964202335
3.1964202335
3.1964202335
3.1964202335
3.1964202335
3.1964202335
3.1964202335
3.1964202335
3.1964202335
3.1964202335
3.1964202335
3.1964202335
3.1964202335
3.1964202335
3.1964202335
3.1964202335
3.1964202335
3.1964202335
3.1964202335
3.1964202335
3.1964202335
3.1964202335
3.1964202335
3.1964202335
3.1964202335
3.1964202335
3.1964202335
3.1964202335
3.1964202335
3.1964202335
3.1964202335
3.1964202335
3.1964202335
3.1964202335
3.1964202335
3.1964202335
3.1964202335
3.1964202335
3.1964202335
3.1964202335
3.1964202335
3.1964202335
3.1964202335
3.1964202335
3.1964202335
3.1964202335
3.1964202335
3.1964202335
3.1964202335
3.1964202335
3.1964202335
3.1964202335
3.1964202335
3.1964202335
3.1964202335
3.1964202335
3.1964202335
3.1964202335
3.1964202335
3.1964202335
3.1964202335
3.1964202335
3.1964202335
3.1964202335
3.1964202335
3.1964202335
3.1964202335
3.1964202335
3.1964202335
3.1964202335
3.1964202335
3.1964202335
3.1964202335
3.1964202335
3.1964202335
3.1964202335
3.1964202335
3.1964202335
3.1964202335
3.1964202335
3.1964202335
3.1964202335
3.1964202335
3.1964202335
3.1964202335
3.1964202335
3.1964202335
3.1964202335
3.1964202335
3.1964202335
3.1964202335
3.1964202335
3.1964202335
3.1964202335
3.1964202335
3.1964202335
3.1964202335
3.1964202335
3.1964202335
3.1964202335
3.1964202335
3.1964202335
3.1964202335
3.1964202335
3.1964202335
3.1964202335
3.1964202335
3.1964202335
3.1964202335
3.1964202335
3.1964202335
3.1964202335
3.1964202335
3.1964202335
3.1964202335
3.1964202335
3.1964202335
3.1964202335
3.1964202335
3.1964202335
3.1964202335
3.1964202335
3.1964202335
3.1964202335
3.1964202335
3.1964202335
3.1964202335
3.1964202335
3.1964202335
3.1964202335
3.1964202335
3.1964202335
3.1964202335
3.1964202335
3.1964202335
3.1964202335
3.1964202335
3.1964202335
3.1964202335
3.1964202335
3.1964202335
3.1964202335
3.1964202335
3.1964202335
3.1964202335
3.1964202335
3.1964202335
3.1964202335
3.1964202335
3.1964202335
3.1964202335
3.1964202335
3.1964202335
3.1964202335
3.1964202335
3.1964202335
3.1964202335
3.1964202335
3.1964202335
3.1964202335
3.1964202335
3.1964202335
3.1964202335
3.1964202335
3.1964202335
3.1964202335
3.1964202335
3.1964202335
3.1964202335
3.1964202335
3.1964202335
3.1964202335
3.1964202335
3.1964202335
3.1964202335
3.1964202335
3.1964202335
3.1964202335
3.1964202335
3.1964202335
3.1964202335
3.1964202335
3.1964202335
3.1964202335
3.1964202335
3.1964202335
3.1964202335
3.1964202335
3.1964202335
3.1964202335
3.1964202335
3.1964202335
3.1964202335
3.1964202335
3.1964202335
3.1964202335
3.1964202335
3.1964202335
3.1964202335
3.1964202335
3.1964202335
3.1964202335
3.1964202335
3.1964202335
3.1964202335
3.1964202335
3.1964202335
3.1964202335
3.1964202335
3.1964202335
3.1964202335
3.1964202335
3.1964202335
3.1964202335
3.1964202335
3.1964202335
3.1964202335
3.1964202335
3.1964202335
3.1964202335
3.1964202335
3.1964202335
3.1964202335
3.1964202335
3.1964202335
3.1964202335
3.1964202335
3.1964202335
3.1964202335
3.1964202335
5.1964202335
5.8964202335
5.8964202335
3.7964202335
4.1964202335
5.0964202335
5.7964202335
5.1964202335
4.0964202335
5.7964202335
5.8964202335
5.8964202335
5.4964202335
3.3964202335
5.8964202335
4.1964202335
5.8964202335
5.7964202335
5.8964202335
5.8964202335
3.7964202335
3.6964202335
4.4964202335
5.8964202335
5.8964202335
3.8964202335
5.8964202335
5.8964202335
5.7964202335
5.8964202335
3.9964202335
4.1964202335
3.8964202335
4.3964202335
4.0964202335
4.3964202335
4.6964202335
3.8964202335
4.4964202335
4.1964202335
5.6964202335
4.9964202335
3.7964202335
5.5964202335
3.9964202335
5.7964202335
5.4964202335
3.3964202335
3.1964202335
5.6964202335
4.1964202335
3.6964202335
5.2964202335
4.2964202335
5.8964202335
3.1964202335
4.5964202335
5.3964202335
6.0964202335
4.0964202335
3.5964202335
