1.69484604007292
1.82877722474375
NA
1.65
1.65
0.95
1.65
1.05
1.45
1.55
0.85
1.15
0.75
1.15
1.15
1.65
1.65
0.95
1.35
1.05
1.65
1.55
1.65
1.05
1.65
1.65
1.35
1.65
1.65
1.15
1.65
1.65
1.65
1.65
0.75
1.45
1.05
1.55
1.35
1.15
1.25
1.35
1.45
0.95
0.75
0.85
1.35
0.75
0.75
1.35
1.45
1.55
1.05
0.85
1.25
1.15
1.55
0.75
1.25
1.45
1.45
1.35
1.05
1.05
1.05
0.85
1.15
0.75
1.15
1.15
0.85
1.15
1.05
1.05
0.75
0.95
1.15
0.75
0.75
0.95
0.75
0.75
1.15
1.15
0.75
0.75
1.05
1.05
0.75
1.15
1.15
0.75
0.85
0.95
0.95
0.95
0.75
0.95
0.85
0.75
0.75
0.95
0.85
0.75
0.95
0.95
0.75
0.95
0.75
0.95
0.85
0.85
0.75
0.75
0.75
0.75
0.75
0.85
0.85
0.95
0.85
0.95
0.75
0.75
0.75
0.75
0.75
0.75
0.75
0.75
0.75
0.75
0.75
0.75
0.75
0.75
0.75
0.75
0.75
0.75
0.75
0.75
0.75
0.75
0.75
0.75
0.75
0.75
0.75
0.75
0.75
0.75
0.75
0.75
1.85
2.05
1.25
1.85
1.75
1.25
1.95
1.55
1.85
1.35
1.85
1.75
1.85
1.85
1.05
1.95
0.95
1.65
0.95
1.75
1.85
1.65
1.95
1.95
2.05
1.85
1.85
1.95
1.75
1.85
1.85
1.95
1.85
1.95
0.95
1.95
1.75
1.25
0.85
1.55
2.25
1.95
1.95
0.75
1.95
1.45
1.95
1.05
1.35
1.95
1.45
1.25
1.75
1.15
1.75
2.05
1.95
1.75
2.25
0.75
1.25
1.15
3.25
2.95
1.75
2.75
1.95
1.65
2.55
2.25
2.25
2.25
2.25
2.25
3.25
1.95
3.05
1.75
2.05
2.25
2.25
2.75
3.15
1.85
2.25
1.05
2.55
0.85
2.15
2.25
1.65
0.75
1.85
1.15
2.35
2.25
2.35
2.35
2.35
0.75
2.25
2.25
2.25
2.35
2.75
1.15
2.35
2.25
2.25
2.35
2.25
2.25
2.35
2.35
2.35
2.75
2.65
2.25
2.45
2.35
2.65
2.35
2.05
2.45
1.25
2.25
2.25
2.25
1.55
2.25
2.35
2.55
2.45
1.95
2.25
2.45
2.35
2.25
2.35
1.35
2.25
2.35
1.55
2.35
2.35
2.65
2.25
2.55
2.55
2.55
2.45
2.65
2.45
2.55
2.65
2.65
2.65
2.65
2.45
2.35
2.55
2.55
2.65
2.65
2.55
2.65
2.65
2.65
2.55
2.65
1.05
2.55
2.55
1.95
2.65
2.55
2.55
2.65
2.55
2.25
2.05
2.25
2.65
2.15
2.45
1.25
2.65
2.15
2.35
2.65
2.65
0.95
2.65
2.35
2.15
2.35
2.55
2.65
2.25
2.55
1.25
2.65
1.65
2.65
2.35
2.65
2.45
1.45
2.35
2.55
2.65
2.65
1.65
0.75
