0.81306422581875
1.80817186373333
NA
0.3876513186
2.2876513186
0.5876513186
0.7876513186
0.3876513186
0.5876513186
0.5876513186
1.1876513186
0.4876513186
0.4876513186
1.5876513186
0.3876513186
0.3876513186
1.0876513186
0.3876513186
0.7876513186
0.5876513186
0.5876513186
0.4876513186
0.8876513186
0.7876513186
2.1876513186
1.7876513186
1.2876513186
0.6876513186
0.5876513186
0.3876513186
2.1876513186
0.8876513186
0.7876513186
0.5876513186
1.5876513186
1.5876513186
1.6876513186
1.9876513186
1.7876513186
1.5876513186
2.0876513186
2.1876513186
1.5876513186
0.9876513186
1.3876513186
0.7876513186
1.7876513186
1.7876513186
1.5876513186
1.5876513186
1.7876513186
2.1876513186
1.5876513186
1.5876513186
1.5876513186
2.1876513186
1.3876513186
0.7876513186
1.5876513186
1.3876513186
1.0876513186
1.5876513186
2.0876513186
0.4876513186
0.6876513186
2.1876513186
0.4876513186
0.3876513186
0.6876513186
1.4876513186
0.4876513186
0.6876513186
0.6876513186
0.4876513186
0.6876513186
0.6876513186
0.6876513186
0.6876513186
0.4876513186
1.6876513186
0.3876513186
0.7876513186
0.6876513186
0.5876513186
0.6876513186
0.5876513186
1.8876513186
0.6876513186
0.6876513186
1.6876513186
0.6876513186
0.3876513186
0.6876513186
0.8876513186
0.3876513186
1.1876513186
0.3876513186
0.4876513186
0.8876513186
0.4876513186
0.4876513186
1.0876513186
1.0876513186
1.0876513186
1.4876513186
0.4876513186
0.3876513186
0.3876513186
0.5876513186
0.5876513186
0.3876513186
1.6876513186
1.4876513186
0.4876513186
0.8876513186
0.5876513186
0.3876513186
1.7876513186
0.5876513186
1.8876513186
0.5876513186
0.4876513186
2.2876513186
0.5876513186
1.4876513186
0.5876513186
1.9876513186
2.1876513186
0.3876513186
0.4876513186
2.0876513186
0.4876513186
2.0876513186
1.9876513186
2.2876513186
0.8876513186
1.1876513186
1.2876513186
1.4876513186
0.4876513186
1.3876513186
0.9876513186
1.6876513186
0.5876513186
1.9876513186
1.2876513186
0.3876513186
1.2876513186
0.8876513186
1.5876513186
0.3876513186
1.3876513186
2.2876513186
0.3876513186
1.4876513186
1.9876513186
0.8876513186
1.9876513186
2.2876513186
2.1876513186
1.1876513186
1.8876513186
2.1876513186
0.8876513186
0.8876513186
1.0876513186
0.9876513186
0.8876513186
2.0876513186
1.3876513186
1.3876513186
0.3876513186
1.9876513186
1.7876513186
2.1876513186
1.1876513186
2.2876513186
0.9876513186
0.6876513186
1.7876513186
0.5876513186
1.2876513186
1.0876513186
0.5876513186
1.6876513186
0.5876513186
2.0876513186
1.2876513186
0.8876513186
0.5876513186
0.4876513186
0.9876513186
0.4876513186
0.3876513186
0.5876513186
1.0876513186
1.4876513186
0.3876513186
0.3876513186
0.7876513186
0.7876513186
0.4876513186
0.3876513186
0.5876513186
0.5876513186
0.6876513186
1.1876513186
1.6876513186
1.0876513186
0.9876513186
0.4876513186
0.3876513186
0.7876513186
0.6876513186
0.8876513186
0.4876513186
0.5876513186
0.4876513186
0.5876513186
0.3876513186
0.5876513186
0.5876513186
0.3876513186
0.4876513186
0.5876513186
0.3876513186
0.3876513186
0.4876513186
0.3876513186
0.3876513186
0.5876513186
0.4876513186
0.5876513186
0.4876513186
0.4876513186
0.4876513186
0.4876513186
0.4876513186
0.5876513186
0.3876513186
0.4876513186
0.5876513186
0.3876513186
0.3876513186
0.4876513186
0.3876513186
0.4876513186
0.4876513186
1.3876513186
1.1876513186
0.3876513186
0.7876513186
0.6876513186
0.7876513186
0.3876513186
1.0876513186
1.1876513186
0.9876513186
0.3876513186
0.8876513186
0.4876513186
0.3876513186
0.4876513186
0.3876513186
0.3876513186
0.4876513186
0.3876513186
0.3876513186
0.4876513186
1.3876513186
0.8876513186
1.4876513186
1.1876513186
1.0876513186
1.8876513186
1.0876513186
0.4876513186
0.3876513186
0.4876513186
1.6876513186
1.0876513186
1.3876513186
1.5876513186
1.5876513186
0.4876513186
0.5876513186
0.9876513186
0.5876513186
1.7876513186
1.9876513186
1.2876513186
0.3876513186
0.4876513186
1.5876513186
0.5876513186
0.6876513186
0.9876513186
0.5876513186
1.1876513186
0.9876513186
0.9876513186
0.5876513186
0.3876513186
1.2876513186
0.5876513186
1.5876513186
1.3876513186
2.2876513186
2.2876513186
2.2876513186
2.1876513186
2.1876513186
2.1876513186
2.1876513186
1.7876513186
1.3876513186
2.1876513186
1.5876513186
0.3876513186
1.4876513186
1.3876513186
0.5876513186
1.7876513186
2.1876513186
0.7876513186
0.4876513186
2.2876513186
0.4876513186
1.6876513186
1.1876513186
0.3876513186
1.4876513186
0.3876513186
1.6876513186
2.1876513186
2.0876513186
1.8876513186
0.7876513186
0.8876513186
2.2876513186
0.3876513186
1.2876513186
1.0876513186
2.1876513186
1.0876513186
0.4876513186
2.1876513186
1.8876513186
1.5876513186
2.0876513186
1.9876513186
0.3876513186
2.2876513186
0.3876513186
2.2876513186
0.3876513186
0.3876513186
2.0876513186
0.3876513186
0.5876513186
2.0876513186
2.2876513186
0.3876513186
0.4876513186
0.4876513186
0.5876513186
0.5876513186
2.2876513186
