6.13554566196667
9.5811632220375
NA
9.3571428571
8.1571428571
25.2571428571
11.2571428571
10.4571428571
6.1571428571
11.3571428571
7.6571428571
7.1571428571
11.2571428571
10.8571428571
11.2571428571
6.4571428571
8.7571428571
12.0571428571
24.1571428571
17.2571428571
5.0571428571
7.1571428571
11.8571428571
10.5571428571
6.3571428571
11.7571428571
22.4571428571
18.4571428571
5.4571428571
6.5571428571
5.9571428571
7.7571428571
11.0571428571
3.2571428571
15.4571428571
11.9571428571
10.0571428571
5.8571428571
10.4571428571
15.4571428571
19.4571428571
4.9571428571
14.1571428571
22.3571428571
29.7571428571
25.0571428571
20.2571428571
18.8571428571
14.5571428571
16.4571428571
10.9571428571
4.0571428571
23.6571428571
24.0571428571
7.5571428571
12.2571428571
6.1571428571
10.6571428571
34.6571428571
3.0571428571
9.5571428571
12.4571428571
3.2571428571
10.6571428571
8.4571428571
4.7571428571
34.2571428571
9.9571428571
7.5571428571
4.6571428571
29.5571428571
9.8571428571
5.3571428571
32.2571428571
10.8571428571
5.4571428571
10.1571428571
3.2571428571
5.5571428571
6.2571428571
10.1571428571
10.7571428571
8.0571428571
12.8571428571
3.8571428571
8.3571428571
10.1571428571
10.3571428571
5.5571428571
5.1571428571
4.5571428571
10.0571428571
9.5571428571
2.9571428571
7.6571428571
3.2571428571
7.0571428571
7.7571428571
8.6571428571
8.8571428571
6.0571428571
7.8571428571
3.2571428571
6.7571428571
7.1571428571
29.1571428571
16.8571428571
5.9571428571
9.8571428571
4.3571428571
4.5571428571
4.4571428571
9.0571428571
7.2571428571
6.2571428571
3.0571428571
7.4571428571
8.0571428571
23.0571428571
3.3571428571
7.6571428571
8.8571428571
5.1571428571
9.4571428571
7.5571428571
5.7571428571
17.1571428571
6.1571428571
3.1571428571
7.9571428571
5.5571428571
5.8571428571
6.0571428571
7.0571428571
7.3571428571
6.1571428571
5.5571428571
3.1571428571
3.6571428571
6.9571428571
6.0571428571
3.7571428571
11.4571428571
25.7571428571
2.8571428571
7.5571428571
5.3571428571
7.2571428571
10.1571428571
6.2571428571
3.3571428571
6.6571428571
7.3571428571
13.8571428571
6.9571428571
8.0571428571
4.7571428571
5.7571428571
6.8571428571
7.9571428571
16.5571428571
7.8571428571
7.9571428571
6.5571428571
7.9571428571
26.3571428571
8.4571428571
7.8571428571
7.5571428571
5.5571428571
16.1571428571
7.5571428571
6.4571428571
4.2571428571
4.9571428571
7.9571428571
4.0571428571
6.4571428571
7.1571428571
7.0571428571
22.1571428571
5.7571428571
8.1571428571
7.5571428571
10.8571428571
6.3571428571
11.5571428571
7.0571428571
5.8571428571
13.0571428571
5.7571428571
6.0571428571
6.0571428571
3.3571428571
6.5571428571
6.4571428571
7.3571428571
7.0571428571
6.7571428571
13.9571428571
6.8571428571
6.6571428571
24.5571428571
18.0571428571
6.7571428571
7.2571428571
16.8571428571
6.3571428571
11.6571428571
7.0571428571
20.0571428571
4.0571428571
7.0571428571
3.6571428571
4.0571428571
7.2571428571
8.5571428571
7.5571428571
6.8571428571
6.5571428571
5.8571428571
5.6571428571
6.6571428571
6.5571428571
6.8571428571
7.1571428571
9.9571428571
3.2571428571
5.7571428571
3.9571428571
6.2571428571
5.6571428571
6.3571428571
2.9571428571
8.6571428571
6.1571428571
5.8571428571
6.4571428571
6.6571428571
7.0571428571
6.1571428571
11.2571428571
6.0571428571
6.0571428571
6.2571428571
5.7571428571
12.1571428571
3.2571428571
6.9571428571
6.5571428571
7.1571428571
7.1571428571
12.0571428571
6.8571428571
7.5571428571
5.7571428571
9.5571428571
4.7571428571
6.2571428571
5.9571428571
12.2571428571
4.3571428571
6.9571428571
6.5571428571
6.0571428571
6.5571428571
6.2571428571
6.2571428571
7.1571428571
6.2571428571
5.1571428571
8.7571428571
7.0571428571
6.3571428571
12.5571428571
6.8571428571
10.1571428571
3.8571428571
6.2571428571
12.7571428571
10.5571428571
5.4571428571
6.8571428571
6.7571428571
13.4571428571
6.0571428571
5.8571428571
5.7571428571
5.1571428571
12.0571428571
3.1571428571
6.4571428571
5.9571428571
14.0571428571
7.4571428571
3.2571428571
6.0571428571
5.9571428571
10.1571428571
3.8571428571
5.6571428571
6.7571428571
10.0571428571
5.6571428571
5.7571428571
6.4571428571
12.1571428571
6.5571428571
4.1571428571
5.4571428571
7.1571428571
5.6571428571
10.2571428571
12.8571428571
6.5571428571
14.5571428571
3.0571428571
5.5571428571
5.3571428571
5.5571428571
7.8571428571
3.3571428571
2.9571428571
6.1571428571
13.5571428571
14.0571428571
5.8571428571
13.9571428571
19.4571428571
6.4571428571
7.5571428571
19.9571428571
6.6571428571
16.9571428571
4.4571428571
15.8571428571
6.5571428571
48.1571428571
13.3571428571
4.9571428571
11.2571428571
3.0571428571
4.4571428571
11.0571428571
24.6571428571
10.4571428571
10.3571428571
11.5571428571
21.2571428571
23.4571428571
8.7571428571
11.6571428571
9.6571428571
7.0571428571
33.5571428571
10.8571428571
11.4571428571
4.3571428571
3.1571428571
24.5571428571
11.4571428571
29.0571428571
26.8571428571
3.0571428571
10.9571428571
7.2571428571
10.8571428571
12.1571428571
