10.8335807676896
14.1246070263125
NA
7.8376068376
9.2376068376
8.9376068376
16.8376068376
10.9376068376
11.7376068376
23.9376068376
13.0376068376
10.9376068376
9.6376068376
16.6376068376
12.2376068376
6.9376068376
12.8376068376
13.5376068376
10.1376068376
10.8376068376
13.0376068376
11.0376068376
13.5376068376
12.2376068376
10.3376068376
14.0376068376
8.3376068376
10.5376068376
21.3376068376
25.6376068376
9.5376068376
10.1376068376
13.3376068376
12.9376068376
19.2376068376
12.7376068376
17.1376068376
7.3376068376
11.3376068376
18.1376068376
12.3376068376
12.5376068376
7.3376068376
22.3376068376
10.3376068376
11.7376068376
9.9376068376
21.6376068376
12.6376068376
10.4376068376
10.7376068376
21.5376068376
10.8376068376
10.6376068376
12.2376068376
24.0376068376
13.8376068376
8.4376068376
10.4376068376
6.8376068376
11.3376068376
9.7376068376
25.9376068376
13.6376068376
13.6376068376
10.6376068376
10.9376068376
10.4376068376
13.3376068376
10.3376068376
9.5376068376
7.9376068376
17.6376068376
6.8376068376
13.4376068376
13.5376068376
19.3376068376
14.6376068376
13.4376068376
16.5376068376
10.4376068376
14.0376068376
13.4376068376
8.7376068376
13.0376068376
22.9376068376
10.5376068376
8.3376068376
15.9376068376
11.2376068376
9.6376068376
7.0376068376
29.4376068376
8.5376068376
9.9376068376
14.2376068376
14.9376068376
8.6376068376
13.3376068376
13.5376068376
8.5376068376
18.6376068376
25.2376068376
8.0376068376
12.1376068376
23.8376068376
9.5376068376
7.7376068376
21.3376068376
7.8376068376
21.8376068376
26.2376068376
12.5376068376
7.8376068376
18.3376068376
8.9376068376
11.7376068376
16.9376068376
8.3376068376
9.4376068376
11.1376068376
11.7376068376
9.9376068376
11.2376068376
9.4376068376
9.6376068376
29.1376068376
11.4376068376
10.0376068376
11.3376068376
8.4376068376
11.4376068376
10.4376068376
29.4376068376
7.6376068376
6.8376068376
9.9376068376
20.4376068376
9.4376068376
7.5376068376
10.3376068376
7.9376068376
18.6376068376
25.9376068376
10.9376068376
10.6376068376
11.9376068376
11.2376068376
7.3376068376
12.4376068376
12.5376068376
11.9376068376
26.8376068376
12.0376068376
12.0376068376
12.6376068376
12.4376068376
7.4376068376
15.9376068376
13.1376068376
11.1376068376
9.9376068376
9.8376068376
12.4376068376
15.8376068376
11.2376068376
11.3376068376
15.0376068376
10.9376068376
7.0376068376
14.5376068376
17.2376068376
14.5376068376
10.2376068376
12.1376068376
8.1376068376
11.2376068376
9.1376068376
14.8376068376
16.7376068376
12.6376068376
11.2376068376
9.2376068376
7.9376068376
12.8376068376
17.1376068376
18.5376068376
11.4376068376
11.9376068376
12.0376068376
11.3376068376
11.8376068376
12.4376068376
13.3376068376
11.4376068376
11.4376068376
11.1376068376
11.6376068376
6.8376068376
9.7376068376
6.8376068376
11.7376068376
6.8376068376
13.1376068376
19.0376068376
12.1376068376
15.9376068376
10.9376068376
9.0376068376
13.8376068376
14.5376068376
12.6376068376
10.3376068376
16.3376068376
11.9376068376
12.0376068376
13.3376068376
7.1376068376
15.7376068376
7.3376068376
9.4376068376
12.4376068376
12.8376068376
8.9376068376
12.4376068376
9.4376068376
11.4376068376
11.9376068376
11.2376068376
9.4376068376
10.5376068376
9.9376068376
7.6376068376
13.2376068376
10.4376068376
12.6376068376
7.1376068376
10.2376068376
11.2376068376
15.8376068376
11.8376068376
13.0376068376
7.3376068376
9.1376068376
10.5376068376
18.5376068376
12.9376068376
13.4376068376
7.8376068376
11.5376068376
11.6376068376
15.8376068376
20.2376068376
11.6376068376
20.7376068376
12.0376068376
10.5376068376
11.4376068376
13.8376068376
10.0376068376
13.7376068376
13.7376068376
11.2376068376
7.2376068376
13.0376068376
16.8376068376
13.5376068376
13.7376068376
15.3376068376
14.8376068376
13.0376068376
10.2376068376
20.9376068376
8.7376068376
17.4376068376
14.0376068376
7.5376068376
13.0376068376
11.8376068376
12.0376068376
13.4376068376
9.6376068376
13.3376068376
10.5376068376
13.6376068376
13.6376068376
13.6376068376
21.3376068376
24.6376068376
12.7376068376
16.9376068376
11.4376068376
13.7376068376
14.6376068376
13.6376068376
14.4376068376
10.3376068376
13.8376068376
11.7376068376
14.5376068376
9.6376068376
12.4376068376
17.9376068376
13.2376068376
24.8376068376
13.6376068376
12.9376068376
10.3376068376
19.8376068376
9.2376068376
17.7376068376
7.5376068376
22.3376068376
14.1376068376
12.6376068376
12.9376068376
17.8376068376
13.8376068376
12.1376068376
8.1376068376
14.6376068376
13.9376068376
13.8376068376
9.1376068376
11.9376068376
12.8376068376
25.4376068376
13.5376068376
12.0376068376
17.5376068376
15.3376068376
7.4376068376
10.3376068376
13.0376068376
12.3376068376
24.9376068376
24.7376068376
14.8376068376
15.0376068376
13.2376068376
12.5376068376
16.5376068376
15.8376068376
10.6376068376
16.3376068376
23.6376068376
31.9376068376
12.7376068376
10.8376068376
14.7376068376
33.4376068376
15.2376068376
15.1376068376
11.0376068376
12.9376068376
16.1376068376
12.7376068376
13.5376068376
22.9376068376
20.9376068376
11.1376068376
16.9376068376
21.7376068376
9.3376068376
8.3376068376
12.1376068376
14.3376068376
17.2376068376
