29.4601340675833
32.5842806436042
NA
20.9
13.7
23.1
22.6
22.8
22.2
22.8
20.7
14.1
17.4
11.7
22.6
22.1
22.6
22.4
22.8
20
21.3
22.6
19.4
21.3
22.1
14.4
21.6
15.4
22.4
21.9
22.4
22.7
22.1
22
24.4
32.1
28.5
23.6
16
26.1
30.2
27.1
23.5
30.4
16.5
25.6
23.6
24.7
28.7
14.5
25.3
24
12.4
16.3
28.2
11.9
17.5
28.1
28.2
26.8
27.1
27.2
20.8
24.7
26.3
27.7
18.2
17.6
28.3
25.3
25.8
26.9
25.3
23
21.8
28.7
25.9
25.1
29.5
25
25.9
25.2
16.2
24.7
31.8
26.4
26.2
17.7
25.8
14.3
31
25.4
25.7
31.1
30.5
30.3
24.5
21.3
30.8
30.5
30.1
20.4
30.3
31.5
26.2
16.9
30
30.2
30.2
30.1
31.3
27
30.2
30.9
29.9
30.8
19.7
30.8
30.1
19.1
17.6
27.2
30.4
24.1
28.9
27.8
32.2
33.5
34.3
21.6
22
33.8
21.8
30
27.3
31.8
26.5
17
26.8
18.3
30.6
15.2
27.1
29.7
12.4
30.2
25.2
27.1
23.7
29
35.1
29.5
31.1
26.9
39.6
38.8
42.5
43
43
39.5
43.3
15.2
42.7
43.3
39.2
42.8
38.3
39.5
42.4
24.1
43
35.4
27.5
39.4
39.1
42.5
37.4
42.7
42.9
43.2
43.1
42.5
40.9
41.5
49.7
49.9
48.7
49.1
49.2
48.8
49
50.2
49.1
49.7
49.2
12.8
49.2
49.7
49.9
48.9
52.7
52.4
36.6
48.7
50.4
15.8
49.4
49.5
51.8
49.6
42.2
52.3
48.7
39.9
48.9
35.1
41.2
12.2
39.6
40.8
51
48.1
51.7
42
43.7
41.1
37.7
45
15.6
16.6
45.5
48.7
21.3
40.5
42.9
41
45.1
43.6
46.1
42.7
47.1
51.9
25.9
45.1
49.7
21.7
29.1
29.2
33.3
13.5
29.8
18.7
23.7
30.7
30.1
29.7
30.5
32.9
20.2
30
13.8
30.3
30.7
15.6
16.3
29.5
30.5
32.4
24.6
33.4
31.6
30.7
24.1
30.1
33.1
29.6
25.1
26.1
26.3
25.4
19.5
15.1
14.4
20.3
25.1
26.8
14.5
28.1
12.3
28.3
23.7
24.5
26
28.7
29
26.9
24.5
16.7
23
26.3
25.3
27.8
26.4
27.7
27.7
28.7
24.6
27.3
25
25.4
25.2
26.1
16.6
25.3
25.6
22.2
29.3
25.5
25.4
26.8
29.5
25
29.5
26.1
25.3
29.2
24
18.7
28.6
20.6
17.9
29.4
25.6
28.2
25.6
27.2
28.6
16.4
15
25.8
25.5
25.8
18.1
25.3
26.3
11.4
19.3
25.7
26.1
27.4
25.6
25.5
25.8
21.4
25.3
13.4
25.6
25.9
26
25.3
27.6
25.3
27.1
26.8
25.5
26.5
27.2
26.1
