0.799538054404167
0.836040843022917
NA
0.37164
0.37164
0.37164
0.37164
0.37164
0.37164
0.37164
0.37164
0.37164
0.37164
0.37164
0.37164
0.37164
0.37164
0.37164
0.37164
0.37164
0.37164
0.37164
0.37164
0.37164
0.37164
0.37164
0.37164
0.37164
0.37164
0.37164
0.37164
0.37164
0.37164
0.37164
0.37164
0.37164
0.37164
0.37164
0.37164
0.37164
0.37164
0.37164
0.37164
0.37164
0.37164
0.37164
0.37164
0.37164
0.37164
0.37164
0.37164
0.37164
0.37164
0.37164
0.37164
0.37164
0.37164
0.37164
0.37164
0.37164
0.37164
0.37164
0.37164
0.37164
0.37164
0.37164
0.37164
0.37164
0.37164
0.37164
0.37164
0.37164
0.37164
0.37164
0.37164
0.37164
0.37164
0.37164
0.37164
0.37164
0.37164
0.37164
0.37164
0.37164
0.37164
0.37164
0.37164
0.37164
0.37164
0.37164
0.37164
0.37164
0.37164
0.37164
0.37164
0.37164
0.37164
0.37164
0.37164
0.37164
0.37164
0.37164
0.37164
0.37164
0.37164
0.37164
0.37164
0.37164
0.37164
0.37164
0.37164
0.37164
0.37164
0.37164
0.37164
0.37164
0.37164
0.37164
0.37164
0.37164
0.37164
0.37164
0.37164
0.37164
0.37164
0.37164
0.37164
0.37164
0.37164
0.37164
0.37164
0.37164
0.37164
0.37164
0.37164
0.37164
0.37164
0.37164
0.37164
0.37164
0.37164
0.37164
0.37164
0.37164
0.37164
0.37164
0.37164
0.37164
0.37164
0.37164
0.37164
0.37164
0.37164
0.37164
0.37164
0.37164
0.37164
0.37164
0.37164
0.37164
0.37164
0.37164
0.37164
0.37164
0.37164
0.37164
0.37164
0.37164
0.37164
0.37164
0.37164
0.37164
0.37164
0.37164
0.37164
0.37164
0.37164
0.37164
0.37164
0.37164
0.37164
0.37164
0.37164
0.37164
0.37164
0.37164
0.37164
0.37164
0.37164
0.37164
0.37164
0.37164
0.37164
0.37164
0.37164
0.37164
0.37164
0.37164
0.37164
0.37164
0.37164
0.37164
0.37164
0.37164
0.37164
0.37164
0.37164
0.37164
0.37164
0.37164
0.37164
0.37164
0.37164
0.37164
0.37164
0.97164
0.87164
0.57164
0.57164
1.37164
0.97164
0.87164
1.17164
1.27164
0.97164
0.67164
1.17164
0.67164
0.97164
1.07164
0.87164
1.17164
1.17164
0.97164
1.47164
0.97164
0.37164
0.97164
0.37164
0.87164
0.87164
1.07164
0.87164
1.07164
1.47164
0.97164
0.57164
0.77164
0.57164
0.47164
0.77164
0.47164
0.77164
0.67164
0.37164
0.77164
0.67164
0.67164
0.77164
0.47164
0.37164
0.37164
0.77164
0.67164
0.57164
0.77164
0.37164
0.67164
0.57164
0.47164
0.67164
0.57164
0.77164
0.77164
0.67164
0.47164
0.67164
0.67164
0.77164
0.77164
0.77164
0.77164
0.47164
0.67164
0.67164
0.77164
0.47164
0.47164
0.47164
0.77164
0.47164
0.77164
0.77164
0.47164
0.77164
0.77164
0.67164
0.77164
0.37164
0.37164
0.77164
0.67164
0.57164
0.47164
0.67164
0.57164
0.77164
2.37164
1.47164
1.37164
2.37164
2.37164
2.37164
1.07164
2.37164
2.37164
2.47164
1.77164
0.47164
2.57164
2.47164
2.37164
2.47164
2.57164
1.77164
2.47164
1.97164
1.57164
0.47164
2.37164
2.47164
2.37164
2.47164
1.47164
2.37164
2.57164
2.37164
1.17164
2.47164
2.47164
2.17164
2.47164
2.47164
2.47164
2.47164
0.67164
2.47164
0.97164
0.97164
2.47164
1.77164
2.37164
2.47164
2.47164
1.37164
0.67164
2.17164
2.47164
0.67164
2.47164
1.07164
0.77164
0.87164
1.47164
2.47164
2.47164
2.47164
2.07164
