14.3920214228042
18.0071349952708
NA
26.4918918919
25.6918918919
7.7918918919
25.7918918919
26.4918918919
26.2918918919
25.9918918919
26.7918918919
26.3918918919
26.0918918919
25.8918918919
25.5918918919
26.0918918919
5.4918918919
26.1918918919
26.6918918919
26.1918918919
26.7918918919
26.7918918919
25.6918918919
25.7918918919
16.9918918919
17.8918918919
26.5918918919
25.8918918919
19.4918918919
26.4918918919
26.2918918919
26.7918918919
25.6918918919
26.3918918919
7.4918918919
13.5918918919
6.3918918919
11.7918918919
11.6918918919
7.3918918919
10.4918918919
13.5918918919
10.9918918919
9.7918918919
12.7918918919
5.1918918919
12.8918918919
11.9918918919
9.2918918919
8.3918918919
9.8918918919
4.8918918919
8.3918918919
11.6918918919
10.3918918919
10.1918918919
9.3918918919
8.1918918919
9.1918918919
8.2918918919
12.9918918919
9.9918918919
23.1918918919
10.1918918919
17.4918918919
23.1918918919
18.4918918919
22.2918918919
28.2918918919
17.7918918919
21.8918918919
20.3918918919
19.8918918919
31.6918918919
23.3918918919
14.9918918919
22.7918918919
14.3918918919
20.7918918919
22.6918918919
14.2918918919
16.2918918919
19.0918918919
17.0918918919
10.0918918919
21.4918918919
26.4918918919
25.6918918919
23.1918918919
20.8918918919
20.9918918919
28.4918918919
19.1918918919
18.9918918919
17.4918918919
11.2918918919
10.8918918919
16.8918918919
16.1918918919
18.1918918919
18.3918918919
11.9918918919
19.4918918919
20.9918918919
9.3918918919
15.5918918919
17.4918918919
20.5918918919
20.0918918919
21.7918918919
23.3918918919
20.5918918919
17.6918918919
19.2918918919
17.2918918919
18.0918918919
14.0918918919
22.1918918919
7.0918918919
23.0918918919
18.4918918919
18.4918918919
21.9918918919
11.8918918919
11.7918918919
5.3918918919
16.1918918919
9.1918918919
9.4918918919
10.7918918919
16.4918918919
14.7918918919
5.8918918919
12.4918918919
4.9918918919
17.4918918919
12.1918918919
12.2918918919
11.5918918919
8.6918918919
6.6918918919
6.0918918919
6.5918918919
12.7918918919
5.1918918919
15.9918918919
14.3918918919
11.9918918919
9.1918918919
6.4918918919
10.6918918919
15.1918918919
15.8918918919
4.8918918919
11.1918918919
6.0918918919
11.6918918919
13.0918918919
15.2918918919
12.7918918919
12.0918918919
13.6918918919
9.6918918919
14.6918918919
10.2918918919
9.5918918919
9.1918918919
5.6918918919
12.4918918919
9.5918918919
8.9918918919
13.9918918919
11.5918918919
9.6918918919
10.0918918919
10.5918918919
14.7918918919
5.9918918919
14.8918918919
10.2918918919
10.4918918919
7.4918918919
5.1918918919
11.7918918919
14.8918918919
16.5918918919
5.2918918919
17.4918918919
13.2918918919
11.9918918919
11.1918918919
16.9918918919
4.6918918919
12.8918918919
10.5918918919
17.2918918919
17.2918918919
13.6918918919
8.1918918919
14.3918918919
12.9918918919
9.9918918919
10.4918918919
15.6918918919
17.1918918919
15.4918918919
8.5918918919
9.4918918919
4.6918918919
11.4918918919
7.7918918919
12.2918918919
6.6918918919
13.2918918919
16.2918918919
10.9918918919
17.9918918919
20.0918918919
17.4918918919
13.8918918919
21.9918918919
14.1918918919
22.0918918919
22.1918918919
23.1918918919
24.0918918919
11.6918918919
13.1918918919
5.2918918919
11.8918918919
24.7918918919
17.4918918919
10.6918918919
17.4918918919
15.3918918919
10.1918918919
20.8918918919
4.5918918919
14.8918918919
13.6918918919
8.7918918919
14.0918918919
14.0918918919
15.1918918919
18.2918918919
23.0918918919
18.3918918919
22.3918918919
5.2918918919
22.0918918919
20.0918918919
21.9918918919
4.9918918919
20.3918918919
19.4918918919
22.9918918919
22.5918918919
23.7918918919
17.9918918919
16.2918918919
16.3918918919
23.0918918919
21.0918918919
18.4918918919
20.7918918919
22.2918918919
20.1918918919
21.2918918919
18.7918918919
20.6918918919
22.9918918919
20.0918918919
20.6918918919
22.4918918919
18.3918918919
10.1918918919
15.8918918919
16.1918918919
22.0918918919
19.7918918919
20.6918918919
14.2918918919
8.3918918919
22.6918918919
14.3918918919
15.6918918919
8.4918918919
17.6918918919
7.8918918919
14.2918918919
14.2918918919
21.4918918919
14.0918918919
12.0918918919
20.3918918919
14.6918918919
15.9918918919
20.2918918919
18.0918918919
13.4918918919
7.8918918919
16.4918918919
16.3918918919
20.7918918919
10.1918918919
14.0918918919
15.3918918919
16.1918918919
11.0918918919
16.2918918919
16.4918918919
16.5918918919
5.7918918919
6.8918918919
15.8918918919
19.6918918919
18.0918918919
16.6918918919
18.4918918919
19.4918918919
15.3918918919
15.6918918919
18.7918918919
10.9918918919
16.6918918919
15.3918918919
16.3918918919
17.7918918919
17.6918918919
19.5918918919
18.2918918919
16.6918918919
5.4918918919
17.0918918919
8.2918918919
15.3918918919
15.8918918919
7.3918918919
13.9918918919
15.1918918919
18.0918918919
14.8918918919
14.9918918919
23.7918918919
15.4918918919
16.2918918919
22.6918918919
8.0918918919
15.3918918919
13.6918918919
10.6918918919
9.6918918919
12.8918918919
17.9918918919
19.2918918919
16.0918918919
14.2918918919
9.7918918919
19.3918918919
6.4918918919
15.2918918919
19.7918918919
23.7918918919
14.0918918919
20.7918918919
15.2918918919
16.3918918919
12.8918918919
