7.42642686862917
11.6907897986812
NA
5.7691225663
6.4691225663
18.8691225663
8.8691225663
8.2691225663
8.9691225663
6.2691225663
8.0691225663
18.6691225663
11.1691225663
12.6691225663
13.3691225663
5.9691225663
15.9691225663
11.3691225663
6.2691225663
9.9691225663
8.7691225663
9.0691225663
10.3691225663
7.8691225663
12.4691225663
17.0691225663
12.9691225663
19.8691225663
10.9691225663
5.5691225663
5.9691225663
8.9691225663
5.5691225663
6.1691225663
6.3691225663
8.2691225663
9.4691225663
11.6691225663
7.1691225663
7.1691225663
19.3691225663
8.7691225663
9.7691225663
9.6691225663
17.2691225663
9.0691225663
15.3691225663
9.8691225663
8.7691225663
9.5691225663
10.2691225663
12.7691225663
5.2691225663
7.2691225663
12.4691225663
7.9691225663
11.3691225663
9.8691225663
11.2691225663
12.3691225663
5.9691225663
7.1691225663
5.0691225663
8.1691225663
6.5691225663
8.6691225663
8.3691225663
8.4691225663
6.2691225663
8.7691225663
8.9691225663
9.2691225663
15.3691225663
17.0691225663
5.1691225663
12.2691225663
7.5691225663
9.8691225663
7.4691225663
6.2691225663
18.0691225663
9.2691225663
8.6691225663
15.1691225663
5.9691225663
17.3691225663
15.5691225663
7.6691225663
17.5691225663
11.3691225663
4.9691225663
8.2691225663
8.1691225663
14.3691225663
6.6691225663
6.1691225663
5.1691225663
8.3691225663
9.5691225663
15.3691225663
11.3691225663
5.5691225663
6.9691225663
23.3691225663
22.0691225663
20.1691225663
7.9691225663
5.8691225663
5.0691225663
4.8691225663
10.4691225663
6.7691225663
10.8691225663
11.3691225663
5.9691225663
10.2691225663
6.9691225663
11.1691225663
9.4691225663
5.7691225663
6.7691225663
6.7691225663
9.1691225663
9.3691225663
7.1691225663
5.3691225663
12.0691225663
9.5691225663
8.3691225663
5.9691225663
5.5691225663
8.7691225663
4.7691225663
8.9691225663
8.3691225663
23.0691225663
8.5691225663
6.0691225663
9.0691225663
5.6691225663
9.5691225663
8.9691225663
9.9691225663
9.2691225663
9.1691225663
6.4691225663
9.0691225663
7.2691225663
13.0691225663
8.6691225663
20.1691225663
8.9691225663
5.4691225663
5.0691225663
7.9691225663
6.1691225663
8.8691225663
9.5691225663
5.8691225663
6.5691225663
9.5691225663
6.9691225663
4.7691225663
6.0691225663
9.1691225663
13.7691225663
7.1691225663
5.2691225663
5.4691225663
7.9691225663
8.8691225663
9.0691225663
7.7691225663
9.5691225663
9.4691225663
6.7691225663
6.7691225663
8.1691225663
6.7691225663
7.3691225663
8.5691225663
21.1691225663
7.1691225663
6.2691225663
9.5691225663
6.4691225663
4.7691225663
6.2691225663
17.4691225663
8.7691225663
9.7691225663
6.6691225663
10.8691225663
10.6691225663
9.0691225663
5.6691225663
11.5691225663
7.2691225663
5.5691225663
7.5691225663
8.8691225663
10.3691225663
8.6691225663
9.3691225663
6.4691225663
22.2691225663
6.7691225663
10.1691225663
10.4691225663
6.6691225663
5.5691225663
8.0691225663
9.9691225663
10.6691225663
5.1691225663
8.4691225663
15.3691225663
8.3691225663
13.1691225663
5.2691225663
8.2691225663
7.0691225663
20.9691225663
19.5691225663
7.9691225663
6.9691225663
7.2691225663
12.3691225663
6.2691225663
5.5691225663
12.9691225663
10.3691225663
6.4691225663
21.3691225663
6.7691225663
4.7691225663
15.7691225663
6.8691225663
7.7691225663
5.4691225663
7.6691225663
6.8691225663
8.2691225663
7.8691225663
7.9691225663
7.4691225663
25.3691225663
11.1691225663
9.0691225663
5.7691225663
13.9691225663
11.5691225663
14.5691225663
8.4691225663
12.6691225663
13.9691225663
5.7691225663
16.0691225663
14.3691225663
9.0691225663
24.1691225663
5.3691225663
11.8691225663
10.6691225663
9.8691225663
10.9691225663
9.3691225663
12.0691225663
13.9691225663
8.4691225663
12.2691225663
12.1691225663
10.9691225663
9.9691225663
7.8691225663
14.5691225663
12.0691225663
6.5691225663
4.7691225663
6.6691225663
9.7691225663
10.2691225663
8.9691225663
8.8691225663
10.2691225663
12.0691225663
14.4691225663
10.2691225663
5.3691225663
21.8691225663
6.4691225663
9.2691225663
9.3691225663
6.4691225663
8.6691225663
8.0691225663
6.5691225663
24.1691225663
10.6691225663
7.7691225663
7.6691225663
9.1691225663
11.0691225663
22.1691225663
6.3691225663
9.8691225663
6.7691225663
13.3691225663
9.6691225663
12.4691225663
19.2691225663
9.5691225663
11.2691225663
9.9691225663
11.3691225663
12.0691225663
13.1691225663
9.2691225663
10.5691225663
15.0691225663
7.2691225663
12.7691225663
11.5691225663
10.2691225663
11.4691225663
9.9691225663
6.6691225663
10.3691225663
18.6691225663
10.0691225663
9.4691225663
5.4691225663
6.1691225663
12.4691225663
12.9691225663
21.0691225663
13.0691225663
6.9691225663
17.1691225663
10.6691225663
6.5691225663
4.8691225663
5.0691225663
5.0691225663
7.3691225663
6.6691225663
6.0691225663
7.8691225663
27.6691225663
4.8691225663
10.4691225663
6.4691225663
7.5691225663
6.8691225663
10.2691225663
6.9691225663
7.2691225663
12.2691225663
4.9691225663
5.7691225663
7.7691225663
8.4691225663
10.0691225663
5.5691225663
5.4691225663
15.3691225663
12.3691225663
6.5691225663
