31.32043336775
36.3342141299792
NA
32.186174863
34.086174863
33.586174863
30.386174863
31.986174863
28.086174863
54.886174863
32.586174863
33.686174863
33.686174863
33.486174863
24.286174863
25.186174863
26.386174863
34.886174863
22.286174863
29.786174863
54.386174863
34.286174863
31.886174863
31.686174863
28.486174863
32.786174863
32.386174863
44.086174863
38.786174863
32.786174863
32.986174863
27.086174863
61.386174863
33.486174863
31.686174863
47.886174863
38.286174863
41.986174863
39.786174863
34.386174863
36.386174863
36.486174863
33.986174863
31.086174863
31.686174863
32.186174863
33.686174863
21.786174863
45.886174863
50.686174863
21.686174863
47.386174863
36.386174863
52.086174863
24.886174863
32.186174863
31.686174863
32.286174863
36.286174863
26.586174863
25.086174863
36.386174863
24.586174863
35.986174863
34.386174863
38.786174863
34.086174863
36.586174863
33.286174863
33.886174863
35.386174863
34.886174863
43.886174863
25.386174863
24.386174863
43.686174863
32.886174863
34.686174863
31.486174863
43.286174863
35.286174863
39.186174863
33.486174863
34.486174863
40.086174863
26.086174863
25.686174863
33.786174863
21.586174863
34.086174863
28.986174863
35.686174863
41.186174863
38.286174863
38.186174863
36.586174863
34.186174863
32.186174863
23.386174863
29.486174863
32.086174863
34.286174863
33.986174863
28.886174863
37.686174863
32.486174863
37.286174863
38.086174863
32.386174863
38.786174863
37.386174863
34.986174863
32.586174863
32.986174863
35.786174863
32.686174863
32.786174863
34.786174863
27.086174863
21.386174863
34.686174863
26.286174863
32.486174863
34.086174863
37.586174863
34.786174863
33.186174863
36.586174863
34.986174863
34.486174863
34.686174863
38.086174863
25.186174863
23.986174863
38.386174863
37.486174863
25.486174863
28.586174863
22.986174863
35.386174863
36.186174863
35.386174863
25.386174863
32.186174863
32.286174863
37.686174863
29.786174863
36.986174863
33.286174863
34.886174863
36.786174863
36.186174863
21.386174863
35.486174863
28.786174863
22.586174863
31.486174863
31.186174863
28.686174863
28.986174863
22.086174863
28.886174863
31.486174863
29.986174863
30.786174863
28.886174863
30.686174863
30.386174863
24.686174863
21.486174863
30.886174863
28.786174863
23.186174863
31.686174863
26.486174863
31.086174863
30.486174863
30.886174863
29.186174863
28.986174863
29.686174863
28.986174863
31.986174863
21.386174863
32.986174863
28.286174863
23.486174863
32.686174863
29.586174863
26.186174863
30.886174863
32.986174863
30.086174863
32.786174863
30.386174863
31.186174863
29.686174863
31.886174863
32.186174863
28.986174863
24.786174863
21.686174863
30.386174863
31.586174863
25.686174863
23.686174863
23.886174863
21.886174863
29.986174863
31.786174863
29.086174863
29.586174863
28.786174863
31.086174863
23.586174863
30.686174863
29.686174863
31.486174863
32.786174863
32.786174863
30.986174863
28.786174863
26.286174863
30.786174863
28.186174863
33.086174863
28.686174863
33.086174863
33.186174863
29.186174863
33.986174863
31.086174863
31.686174863
30.886174863
30.286174863
23.386174863
29.986174863
30.886174863
26.386174863
32.486174863
33.886174863
25.286174863
31.086174863
30.686174863
31.186174863
29.886174863
31.786174863
34.386174863
23.286174863
40.786174863
31.686174863
37.786174863
32.186174863
33.886174863
33.186174863
32.386174863
28.686174863
28.386174863
32.786174863
34.786174863
32.586174863
30.086174863
32.086174863
34.486174863
38.786174863
38.086174863
32.286174863
31.986174863
26.986174863
29.886174863
33.886174863
33.186174863
27.386174863
30.286174863
29.786174863
31.686174863
34.886174863
34.686174863
33.886174863
35.586174863
31.886174863
31.086174863
32.586174863
34.886174863
32.986174863
23.186174863
31.286174863
29.286174863
35.486174863
29.486174863
30.586174863
21.886174863
31.386174863
32.186174863
22.386174863
32.586174863
36.586174863
32.786174863
32.486174863
33.286174863
32.186174863
25.986174863
21.386174863
31.486174863
31.686174863
30.686174863
32.286174863
33.686174863
34.086174863
29.686174863
30.286174863
22.586174863
36.486174863
31.786174863
33.086174863
33.586174863
36.986174863
34.486174863
32.986174863
33.386174863
33.786174863
37.186174863
35.486174863
33.486174863
35.286174863
22.586174863
34.286174863
35.786174863
36.186174863
31.086174863
33.586174863
33.386174863
29.586174863
32.786174863
33.586174863
30.786174863
32.786174863
40.586174863
40.486174863
52.186174863
39.286174863
46.186174863
70.186174863
44.486174863
41.986174863
64.086174863
51.386174863
43.286174863
52.986174863
43.586174863
46.486174863
51.386174863
48.486174863
40.786174863
47.686174863
41.286174863
51.186174863
72.086174863
43.886174863
41.286174863
36.486174863
69.886174863
62.186174863
45.386174863
58.586174863
54.086174863
41.286174863
71.886174863
