5.52156914759375
7.63129564748958
NA
9.0229864253
9.5229864253
9.7229864253
9.8229864253
8.0229864253
6.7229864253
4.0229864253
3.3229864253
9.5229864253
8.7229864253
9.4229864253
9.3229864253
9.3229864253
9.6229864253
4.6229864253
7.3229864253
7.4229864253
8.2229864253
2.6229864253
8.4229864253
9.2229864253
8.2229864253
8.7229864253
9.4229864253
9.4229864253
8.8229864253
8.8229864253
7.3229864253
7.7229864253
9.1229864253
9.3229864253
9.9229864253
1.7229864253
10.5229864253
5.4229864253
4.9229864253
7.2229864253
6.5229864253
10.2229864253
8.0229864253
3.1229864253
9.0229864253
8.3229864253
5.6229864253
10.4229864253
3.6229864253
3.7229864253
4.4229864253
8.0229864253
5.1229864253
1.9229864253
9.3229864253
9.4229864253
8.7229864253
2.0229864253
4.7229864253
9.6229864253
2.9229864253
8.3229864253
4.8229864253
3.7229864253
2.2229864253
4.8229864253
5.8229864253
4.7229864253
5.2229864253
8.7229864253
4.1229864253
5.7229864253
4.9229864253
4.3229864253
5.0229864253
3.6229864253
6.2229864253
3.5229864253
5.8229864253
4.5229864253
5.5229864253
2.9229864253
8.7229864253
4.7229864253
3.6229864253
6.1229864253
5.0229864253
2.9229864253
3.4229864253
2.5229864253
5.6229864253
4.6229864253
5.2229864253
2.5229864253
4.0229864253
1.7229864253
5.1229864253
5.2229864253
8.0229864253
3.4229864253
8.0229864253
2.6229864253
8.6229864253
5.1229864253
6.8229864253
3.5229864253
5.2229864253
4.4229864253
3.7229864253
4.8229864253
5.7229864253
3.9229864253
5.4229864253
1.5229864253
3.3229864253
1.4229864253
6.0229864253
3.3229864253
6.5229864253
4.2229864253
7.0229864253
1.8229864253
8.6229864253
13.7229864253
9.5229864253
4.5229864253
9.1229864253
2.7229864253
4.2229864253
7.6229864253
12.4229864253
6.5229864253
4.6229864253
5.3229864253
10.6229864253
9.1229864253
10.5229864253
13.1229864253
4.2229864253
4.5229864253
4.1229864253
11.7229864253
12.6229864253
12.1229864253
6.6229864253
13.3229864253
8.9229864253
3.8229864253
9.4229864253
2.5229864253
15.0229864253
3.9229864253
11.9229864253
2.9229864253
1.9229864253
3.7229864253
5.8229864253
1.4229864253
5.3229864253
3.2229864253
3.6229864253
2.1229864253
5.5229864253
4.6229864253
4.4229864253
4.1229864253
5.8229864253
5.5229864253
4.1229864253
3.9229864253
3.6229864253
4.0229864253
2.4229864253
1.7229864253
3.2229864253
5.4229864253
3.5229864253
5.3229864253
5.3229864253
3.4229864253
3.4229864253
1.6229864253
2.0229864253
1.3229864253
5.6229864253
3.1229864253
3.8229864253
2.0229864253
5.3229864253
5.5229864253
7.5229864253
5.5229864253
2.4229864253
4.2229864253
6.2229864253
5.7229864253
7.9229864253
8.7229864253
4.0229864253
5.5229864253
4.7229864253
4.8229864253
5.3229864253
5.0229864253
5.3229864253
5.3229864253
4.1229864253
4.2229864253
5.6229864253
6.5229864253
5.3229864253
3.6229864253
5.3229864253
1.7229864253
5.4229864253
6.0229864253
5.5229864253
5.3229864253
5.9229864253
4.5229864253
5.9229864253
2.1229864253
5.9229864253
3.2229864253
5.9229864253
5.5229864253
6.0229864253
6.0229864253
5.5229864253
5.4229864253
5.9229864253
6.0229864253
5.8229864253
5.9229864253
2.9229864253
5.6229864253
6.0229864253
3.2229864253
6.0229864253
2.3229864253
5.3229864253
4.5229864253
4.7229864253
2.9229864253
5.7229864253
6.0229864253
1.8229864253
3.1229864253
1.7229864253
7.6229864253
5.1229864253
5.9229864253
4.9229864253
8.5229864253
3.0229864253
1.6229864253
3.1229864253
8.2229864253
6.1229864253
7.9229864253
2.2229864253
4.0229864253
6.0229864253
5.1229864253
4.8229864253
4.2229864253
7.2229864253
6.9229864253
1.8229864253
8.5229864253
7.4229864253
3.9229864253
2.1229864253
8.1229864253
6.5229864253
5.8229864253
8.6229864253
8.0229864253
5.1229864253
2.9229864253
8.0229864253
6.5229864253
5.8229864253
8.4229864253
8.5229864253
8.7229864253
8.6229864253
8.5229864253
11.9229864253
8.0229864253
8.2229864253
8.2229864253
10.6229864253
7.7229864253
7.9229864253
1.8229864253
11.9229864253
1.5229864253
1.5229864253
13.0229864253
4.0229864253
6.1229864253
2.4229864253
9.9229864253
8.1229864253
5.0229864253
11.4229864253
3.2229864253
2.6229864253
7.0229864253
8.3229864253
5.6229864253
7.4229864253
3.7229864253
7.4229864253
9.3229864253
9.1229864253
9.8229864253
5.2229864253
8.4229864253
8.3229864253
7.4229864253
7.1229864253
4.7229864253
7.3229864253
9.3229864253
7.3229864253
7.7229864253
7.5229864253
1.7229864253
10.3229864253
2.0229864253
10.2229864253
6.9229864253
8.4229864253
7.4229864253
9.2229864253
2.8229864253
6.5229864253
8.0229864253
6.5229864253
7.2229864253
6.6229864253
1.7229864253
7.3229864253
6.5229864253
6.4229864253
7.2229864253
6.4229864253
8.2229864253
6.6229864253
6.8229864253
8.0229864253
6.5229864253
8.2229864253
7.9229864253
6.5229864253
8.0229864253
6.5229864253
4.5229864253
6.8229864253
6.5229864253
6.8229864253
6.3229864253
2.9229864253
3.3229864253
6.3229864253
6.6229864253
