70.3433653846667
114.181779436667
NA
75
133.7
115.7
66.7
125.1
119.6
108.7
116.6
85.4
120.7
96.4
129.4
98.2
51.4
32.7
133.1
134.8
111.1
114.2
112.8
108.3
115.3
116
123.1
106.9
117.5
133.9
97.9
136.1
101.4
109.4
130.2
117.4
118.3
115.8
115.2
123.6
113.2
123.5
113.6
111.6
92.1
103.4
65.4
113.5
104.3
76.2
74.1
106.5
134.5
112.8
124.4
112.8
114.4
114.3
104.3
89.1
111.9
62.3
109.3
109.9
102.2
97.5
103.4
72.4
77.8
98
107
109.8
89.1
101.4
104.5
57.1
35.4
104.2
80.7
105.2
37.9
108.3
99
99.4
106
103.3
74.5
51.5
91
76.4
77.6
73
103
101
105.1
83.6
97.2
92.3
70.1
51
86.6
97.6
110.7
54.6
97.2
95.5
64
58.6
35.3
94.9
114.1
97.5
100.8
93.2
101.1
45.1
108.3
98
85.3
100.4
99.7
104.3
63.6
93.2
137.9
63.2
102.9
48.1
121.9
84.4
117.1
100.7
35.4
110.9
98.4
109.1
131.8
54
48.8
117.2
124.9
109.6
142.7
70.1
82.8
131.6
103.3
43
64.4
138.9
110.5
83.7
61
105.7
113.8
116.1
119.1
112.9
136.9
149.1
128.5
59.6
119.5
139.3
70.1
126.4
126.7
129.2
97.6
143.6
141.1
129.8
132.9
146.3
128
139.2
91.8
89
87.7
89.1
90.2
132.5
140
33.1
137
118
92.4
115.2
32.7
33.8
128.5
114.7
103.3
90.9
119.5
53.4
51.4
36.6
126.6
36.7
78.8
96.9
105.3
104.6
120.6
135.2
134.1
115.6
103.9
125.1
93.9
131.2
97.7
119.7
83.5
84.6
76.2
88.3
78.7
115.6
131.9
59.5
35.5
127.9
50.4
56
126.6
56.7
56.8
46.9
122.4
57.4
119.6
59.2
46
56.6
34.7
45.5
86.2
43.8
58.7
51
123.2
86.8
57.1
94.5
146.8
92.5
118.9
128.4
56.2
101
117.9
86.2
133.8
52.2
55
47.8
122.2
91.3
147.8
132.5
40.3
114.6
114.2
135.1
129.5
65.5
131.1
46.2
132.4
112.3
59.3
115.2
112.8
114.2
62.8
61.3
100.8
116.8
92.1
44.7
68.2
124.7
90.2
90.8
46.3
74
42
87
49.2
56.5
78.1
91.9
74.1
78.6
32.2
40.2
74.2
53.6
99.2
45.4
112.9
90.7
38.3
111.6
126.7
87.7
107
35.5
94.6
104.4
94.9
47.4
35.4
91
107.4
36
88.9
102.5
100.6
52.2
76.2
104.4
93.1
99.5
37.5
97.1
105.2
77.9
97.5
88.4
103.3
107.3
81.3
106.7
107.5
120.7
135.9
123.5
100.4
111.1
43.4
42.7
80.1
43.4
133.8
33.6
61.9
113.7
39.3
90.5
38.5
53
129.5
94.7
52.7
110.7
109.6
35.2
124.5
90.5
125.9
89.9
37.3
109.7
117.7
136.9
