2.41953113836042
8.074699606675
NA
2.95
1.15
2.95
25.95
2.95
2.25
9.45
26.75
29.15
2.85
2.85
4.75
12.65
5.45
2.85
2.95
4.75
1.05
1.35
3.45
2.95
0.75
3.15
1.95
3.35
2.95
1.85
3.65
4.95
1.05
0.75
3.95
4.55
11.55
4.65
3.45
2.45
2.25
5.55
5.35
3.25
1.15
3.55
30.65
2.55
3.45
3.75
1.55
2.05
4.35
3.55
23.35
2.35
3.85
1.05
0.85
4.05
2.35
3.65
0.75
1.35
1.95
4.95
4.45
4.75
2.95
3.45
0.85
20.85
2.95
1.05
2.55
2.15
4.35
3.05
2.95
2.05
2.75
2.25
4.25
0.95
4.25
1.25
3.85
17.85
4.65
4.95
1.35
3.05
1.95
19.05
2.05
2.05
1.95
6.65
2.05
2.05
19.45
0.75
31.35
2.05
1.25
0.75
3.35
6.75
2.05
1.55
6.65
2.15
2.05
5.85
5.95
31.75
4.45
23.05
25.55
20.55
5.65
1.35
6.55
6.85
0.95
6.35
5.15
2.65
8.35
13.05
2.65
9.55
3.65
0.95
8.85
1.15
2.85
6.75
2.85
0.95
2.75
8.55
2.95
2.95
2.85
7.05
2.95
1.15
2.85
2.75
2.55
23.85
5.35
28.95
0.85
12.55
1.55
9.25
2.25
9.35
3.05
4.95
4.15
1.15
11.95
2.55
1.35
4.05
30.85
24.45
2.75
1.65
6.75
18.75
17.55
9.75
3.45
10.15
6.45
1.75
10.85
0.85
23.05
7.25
22.45
1.95
0.95
3.45
1.45
16.15
20.35
1.35
49.25
1.15
1.95
26.95
7.55
1.45
8.25
32.05
5.25
29.65
1.95
3.75
8.85
7.25
28.55
1.45
22.45
27.15
35.65
2.65
0.95
6.15
9.65
5.65
2.05
6.95
8.75
29.45
1.15
17.35
65.45
4.85
1.25
5.45
8.85
7.55
2.05
34.45
1.05
3.55
0.95
1.15
2.55
0.95
2.55
8.95
3.85
2.35
7.95
4.25
1.35
33.15
47.45
4.95
11.55
5.75
3.05
5.55
2.85
28.75
2.05
16.15
4.55
4.25
6.95
4.25
24.85
3.25
7.35
17.25
5.25
19.95
7.75
4.85
25.45
1.55
2.75
15.55
2.05
5.25
30.15
4.35
1.55
33.05
51.45
13.65
5.35
2.05
0.95
6.05
2.25
2.25
3.95
1.15
2.35
5.15
15.45
2.85
61.85
2.85
2.65
6.85
0.85
1.85
69.75
3.85
58.65
72.55
2.65
2.85
6.05
7.85
38.95
2.35
1.65
32.75
2.95
2.95
7.85
2.95
33.55
3.35
2.95
4.85
2.95
3.35
7.55
2.25
6.85
1.55
17.75
7.75
3.25
17.75
7.85
2.25
5.55
6.85
6.25
5.15
2.15
3.65
2.55
26.05
6.95
31.45
3.85
2.75
6.75
2.15
10.75
7.65
30.15
1.75
5.95
25.25
1.75
2.85
23.75
1.55
7.45
30.65
0.75
1.95
3.55
24.65
1.65
3.55
21.15
3.65
1.95
14.65
1.05
2.55
24.25
34.75
