45.2897215171042
65.0900434139167
NA
53.61
80.71
29.11
79.41
69.21
53.11
60.61
70.91
56.41
34.81
51.01
71.81
75.21
66.41
86.91
105.01
93.81
54.61
18.31
57.31
57.21
85.81
63.51
22.11
104.61
68.31
70.21
51.71
67.01
53.51
72.31
44.11
59.01
49.61
61.21
30.81
65.91
80.51
92.01
52.71
57.31
49.21
82.91
84.41
53.51
44.71
81.21
59.01
18.71
46.71
8.51
48.21
68.81
44.11
8.51
58.11
55.11
60.91
88.71
49.51
102.31
89.31
96.81
38.91
61.01
101.71
100.81
30.91
47.31
139.81
120.11
50.11
36.81
13.51
72.31
138.71
141.11
65.21
92.91
37.31
58.31
93.31
49.31
17.31
108.41
46.31
9.71
31.91
30.41
50.91
128.91
68.21
50.41
62.91
62.71
66.71
85.31
66.61
68.51
48.11
24.31
55.11
64.51
66.91
33.11
21.11
9.01
66.31
52.11
64.11
35.11
12.81
71.71
29.91
9.71
68.11
64.21
109.11
117.41
110.81
65.81
86.41
55.91
55.71
8.71
35.81
51.71
52.01
53.01
12.71
57.71
82.81
36.91
70.11
25.61
82.91
63.91
64.21
59.21
50.91
22.41
13.91
57.51
52.21
60.81
41.41
62.01
49.51
68.91
61.61
88.01
26.11
13.31
50.11
86.71
53.11
56.41
48.21
42.61
109.61
62.31
83.31
56.01
52.61
62.61
65.61
94.11
112.31
83.41
26.41
52.81
61.81
58.71
35.71
61.31
57.01
59.11
58.71
64.81
81.51
60.01
48.21
61.01
96.21
12.01
36.21
56.61
7.41
13.91
56.51
59.51
89.51
53.41
62.61
125.11
111.91
22.31
24.11
71.31
57.11
146.01
58.41
51.91
124.01
15.81
118.41
27.01
33.61
47.91
103.01
15.21
52.61
203.51
84.81
44.31
53.91
42.01
75.71
28.51
132.01
50.51
45.11
208.51
54.11
53.21
57.51
196.51
176.01
192.81
46.01
42.51
42.21
192.51
52.31
20.21
208.51
68.81
19.81
57.21
148.81
56.51
59.71
147.31
68.41
72.11
57.41
61.51
43.81
9.31
40.01
47.71
44.11
61.81
42.41
10.21
50.11
76.11
58.31
25.11
62.91
62.01
58.61
61.01
61.81
20.21
58.11
30.91
46.31
42.21
42.81
45.31
57.11
63.81
46.91
59.31
50.41
75.31
33.51
48.61
52.01
15.41
36.21
93.71
58.41
75.21
56.21
57.41
43.81
53.51
48.21
71.91
84.01
48.41
92.31
45.71
58.41
41.21
55.81
84.31
32.41
31.41
7.41
56.31
85.31
58.81
78.81
42.91
56.31
55.01
31.61
54.71
74.81
51.91
41.81
69.51
48.51
59.41
15.51
64.81
61.81
60.31
71.51
44.61
23.71
47.01
58.81
69.91
58.51
58.31
61.81
76.51
66.81
61.81
55.81
14.01
16.01
61.31
32.81
71.31
21.91
48.31
39.71
99.01
52.91
48.71
42.11
67.41
6.71
53.11
56.61
66.51
8.21
86.61
52.21
54.71
20.51
69.31
106.01
97.71
42.11
132.51
43.71
114.01
132.31
69.91
