96.5121300308125
117.070906434792
NA
31.807692308
106.007692308
106.607692308
116.207692308
108.107692308
112.907692308
103.007692308
108.807692308
101.907692308
103.407692308
68.407692308
110.607692308
116.507692308
116.207692308
112.107692308
101.507692308
116.607692308
116.907692308
74.107692308
117.007692308
104.107692308
111.407692308
116.207692308
105.807692308
113.407692308
61.607692308
95.107692308
101.907692308
115.007692308
114.107692308
106.207692308
95.507692308
104.407692308
102.807692308
97.207692308
67.107692308
99.507692308
95.507692308
73.907692308
115.307692308
77.707692308
112.007692308
98.507692308
97.907692308
101.307692308
95.307692308
98.507692308
97.807692308
108.107692308
104.007692308
95.207692308
88.307692308
99.007692308
114.507692308
64.907692308
34.207692308
96.007692308
95.707692308
96.807692308
89.807692308
37.107692308
50.607692308
94.807692308
35.307692308
27.807692308
83.607692308
44.407692308
80.107692308
21.007692308
83.807692308
89.007692308
93.807692308
85.607692308
99.507692308
70.107692308
80.507692308
103.407692308
100.307692308
88.207692308
88.807692308
60.307692308
102.307692308
99.307692308
89.707692308
101.207692308
87.207692308
19.607692308
77.907692308
101.307692308
80.607692308
88.107692308
92.007692308
94.407692308
38.707692308
94.707692308
70.007692308
94.307692308
90.907692308
41.507692308
93.207692308
102.107692308
95.507692308
87.907692308
91.907692308
22.607692308
93.707692308
98.807692308
92.407692308
68.507692308
69.507692308
91.607692308
97.007692308
40.507692308
92.807692308
89.407692308
90.507692308
96.007692308
73.707692308
51.607692308
106.707692308
97.307692308
114.207692308
110.607692308
58.907692308
97.107692308
44.707692308
93.807692308
119.407692308
71.107692308
95.507692308
30.607692308
94.607692308
98.007692308
23.307692308
44.407692308
91.407692308
78.307692308
97.207692308
26.207692308
122.507692308
104.807692308
23.507692308
95.807692308
125.107692308
50.407692308
80.107692308
73.707692308
96.407692308
66.407692308
95.707692308
97.207692308
116.607692308
38.507692308
128.807692308
118.907692308
116.507692308
154.107692308
118.307692308
146.907692308
156.207692308
121.407692308
19.207692308
74.707692308
119.507692308
120.907692308
163.707692308
146.207692308
120.907692308
126.607692308
118.707692308
80.007692308
121.607692308
117.707692308
124.307692308
121.507692308
94.407692308
122.107692308
121.107692308
118.707692308
117.507692308
118.607692308
117.407692308
126.307692308
120.207692308
56.407692308
84.007692308
108.607692308
114.107692308
113.007692308
114.907692308
126.807692308
111.907692308
34.307692308
126.507692308
124.107692308
115.807692308
113.207692308
125.807692308
111.307692308
127.807692308
121.707692308
109.307692308
82.907692308
122.407692308
108.007692308
128.507692308
113.507692308
74.007692308
119.207692308
68.107692308
98.807692308
118.907692308
51.307692308
155.707692308
18.707692308
77.407692308
29.107692308
151.407692308
132.107692308
125.307692308
56.807692308
153.307692308
161.607692308
94.807692308
107.207692308
152.507692308
166.807692308
130.607692308
94.707692308
125.507692308
35.607692308
96.107692308
141.607692308
94.507692308
94.907692308
102.607692308
161.207692308
149.407692308
137.107692308
94.807692308
31.807692308
31.407692308
152.507692308
100.007692308
78.207692308
92.207692308
106.707692308
37.307692308
22.807692308
94.407692308
89.107692308
154.507692308
21.107692308
132.607692308
106.407692308
87.107692308
94.407692308
100.607692308
95.407692308
115.007692308
139.107692308
92.707692308
95.007692308
49.007692308
67.507692308
113.507692308
94.307692308
100.207692308
95.007692308
142.807692308
153.507692308
142.807692308
91.007692308
116.507692308
101.307692308
121.707692308
155.907692308
100.007692308
118.907692308
59.207692308
119.907692308
120.807692308
143.707692308
148.107692308
134.307692308
51.907692308
138.907692308
111.307692308
105.607692308
28.207692308
150.007692308
55.407692308
118.107692308
100.207692308
147.407692308
103.607692308
93.807692308
103.307692308
49.007692308
116.407692308
116.907692308
64.307692308
157.107692308
158.607692308
132.307692308
131.207692308
127.707692308
112.107692308
97.407692308
71.107692308
123.507692308
129.507692308
91.907692308
32.207692308
98.707692308
128.107692308
26.007692308
119.407692308
130.807692308
105.807692308
59.307692308
124.907692308
29.107692308
124.007692308
122.407692308
111.907692308
130.307692308
131.007692308
123.707692308
100.107692308
132.107692308
99.007692308
118.907692308
100.007692308
138.307692308
153.407692308
113.407692308
112.607692308
117.907692308
154.807692308
127.407692308
113.007692308
129.607692308
140.307692308
67.807692308
46.307692308
152.007692308
123.907692308
110.707692308
77.107692308
123.607692308
111.807692308
114.107692308
61.807692308
150.607692308
119.007692308
121.507692308
113.107692308
129.107692308
142.607692308
127.307692308
22.607692308
113.707692308
113.007692308
127.107692308
