7.05946413650625
10.7796779152854
NA
19.4937888199
9.1937888199
4.1937888199
6.7937888199
7.8937888199
7.9937888199
9.8937888199
1.6937888199
10.7937888199
16.2937888199
3.7937888199
16.3937888199
5.1937888199
8.8937888199
10.8937888199
7.9937888199
9.5937888199
7.8937888199
2.8937888199
2.6937888199
2.3937888199
7.7937888199
10.1937888199
19.4937888199
6.9937888199
15.4937888199
7.5937888199
7.5937888199
6.4937888199
7.2937888199
5.5937888199
11.7937888199
9.5937888199
6.4937888199
10.5937888199
12.9937888199
11.1937888199
11.1937888199
2.6937888199
11.7937888199
6.8937888199
20.2937888199
6.4937888199
2.0937888199
10.9937888199
9.4937888199
8.7937888199
5.0937888199
16.6937888199
4.7937888199
18.1937888199
1.7937888199
6.3937888199
4.7937888199
13.3937888199
12.0937888199
8.4937888199
4.0937888199
8.1937888199
16.5937888199
9.6937888199
22.6937888199
10.4937888199
6.4937888199
7.9937888199
1.8937888199
9.0937888199
6.0937888199
11.0937888199
12.0937888199
5.7937888199
6.4937888199
19.0937888199
6.3937888199
22.4937888199
5.2937888199
1.9937888199
17.7937888199
2.1937888199
18.5937888199
2.0937888199
9.8937888199
5.9937888199
10.8937888199
6.7937888199
5.8937888199
5.6937888199
5.9937888199
10.8937888199
7.5937888199
3.4937888199
12.2937888199
10.8937888199
5.6937888199
8.9937888199
8.0937888199
10.3937888199
10.1937888199
14.7937888199
6.4937888199
11.0937888199
7.1937888199
2.6937888199
11.1937888199
22.2937888199
4.4937888199
14.1937888199
17.1937888199
4.7937888199
8.5937888199
6.5937888199
10.7937888199
13.0937888199
6.0937888199
11.9937888199
11.1937888199
7.4937888199
8.1937888199
6.4937888199
0.9937888199
7.6937888199
7.0937888199
8.1937888199
7.6937888199
11.3937888199
13.1937888199
4.0937888199
18.8937888199
7.6937888199
21.5937888199
7.6937888199
8.2937888199
2.2937888199
22.5937888199
8.4937888199
7.6937888199
21.4937888199
9.9937888199
1.3937888199
1.8937888199
16.2937888199
1.9937888199
9.2937888199
7.6937888199
7.6937888199
7.8937888199
14.9937888199
25.6937888199
4.2937888199
7.6937888199
3.1937888199
5.8937888199
7.2937888199
7.9937888199
16.6937888199
7.9937888199
5.7937888199
19.0937888199
10.5937888199
7.9937888199
6.8937888199
1.9937888199
9.0937888199
8.4937888199
7.9937888199
29.8937888199
7.6937888199
7.2937888199
2.4937888199
10.4937888199
9.9937888199
7.9937888199
36.6937888199
7.6937888199
4.7937888199
7.9937888199
10.3937888199
12.6937888199
16.4937888199
1.7937888199
5.9937888199
7.4937888199
8.1937888199
8.0937888199
7.8937888199
4.6937888199
55.7937888199
15.0937888199
5.4937888199
9.7937888199
66.5937888199
60.7937888199
8.3937888199
8.1937888199
2.7937888199
11.2937888199
49.9937888199
1.2937888199
1.3937888199
54.8937888199
54.3937888199
4.2937888199
7.6937888199
8.1937888199
10.2937888199
10.4937888199
11.3937888199
6.4937888199
10.2937888199
7.8937888199
10.8937888199
1.2937888199
23.5937888199
13.6937888199
7.6937888199
3.4937888199
3.4937888199
36.5937888199
25.4937888199
2.6937888199
17.0937888199
1.7937888199
9.0937888199
7.8937888199
2.7937888199
12.9937888199
16.8937888199
9.2937888199
8.9937888199
36.5937888199
4.4937888199
18.4937888199
7.9937888199
6.2937888199
6.6937888199
36.1937888199
8.1937888199
9.2937888199
21.0937888199
7.6937888199
20.1937888199
8.8937888199
3.1937888199
5.5937888199
8.7937888199
2.1937888199
11.9937888199
6.4937888199
2.4937888199
12.7937888199
19.2937888199
2.4937888199
2.3937888199
9.3937888199
15.8937888199
2.6937888199
10.9937888199
4.6937888199
6.9937888199
16.1937888199
8.7937888199
13.0937888199
20.7937888199
5.7937888199
7.8937888199
9.6937888199
16.8937888199
8.9937888199
3.0937888199
6.8937888199
13.0937888199
1.6937888199
9.5937888199
3.7937888199
8.1937888199
8.5937888199
9.2937888199
3.4937888199
3.4937888199
2.6937888199
7.8937888199
7.8937888199
28.3937888199
16.4937888199
8.7937888199
9.4937888199
27.0937888199
4.5937888199
5.3937888199
5.6937888199
9.4937888199
8.1937888199
3.8937888199
8.5937888199
5.6937888199
11.0937888199
22.5937888199
8.9937888199
11.5937888199
3.5937888199
5.6937888199
7.5937888199
27.0937888199
9.0937888199
29.3937888199
3.8937888199
7.6937888199
31.0937888199
7.6937888199
1.3937888199
4.0937888199
21.7937888199
1.2937888199
7.6937888199
5.7937888199
13.6937888199
3.8937888199
4.5937888199
1.7937888199
1.2937888199
7.5937888199
4.2937888199
30.7937888199
12.4937888199
16.7937888199
8.8937888199
8.7937888199
8.2937888199
8.2937888199
30.1937888199
8.7937888199
8.0937888199
7.4937888199
8.6937888199
15.2937888199
2.2937888199
4.7937888199
2.7937888199
18.7937888199
9.5937888199
15.0937888199
13.9937888199
12.6937888199
9.0937888199
9.1937888199
7.6937888199
13.5937888199
24.8937888199
9.6937888199
16.4937888199
9.3937888199
9.1937888199
3.0937888199
8.4937888199
16.1937888199
6.6937888199
1.3937888199
7.8937888199
9.2937888199
4.4937888199
24.4937888199
9.9937888199
8.6937888199
8.9937888199
6.7937888199
