0.5
0.55
NA
0.45
0.59
0.48
0.42
0.55
0.53
0.52
0.58
0.54
0.58
0.57
0.49
0.55
0.57
0.57
0.51
0.54
0.52
0.54
0.54
0.55
0.58
0.48
0.55
0.53
0.51
0.53
0.57
0.51
0.53
0.42
0.59
0.57
0.56
0.56
0.54
0.54
0.51
0.54
0.55
0.54
0.51
0.52
0.58
0.55
0.54
0.42
0.51
0.41
0.58
0.51
0.55
0.53
0.58
0.59
0.41
0.54
0.55
0.53
0.55
0.57
0.56
0.55
0.55
0.48
0.53
0.52
0.52
0.48
0.45
0.55
0.52
0.49
0.4
0.53
0.41
0.55
0.49
0.55
0.53
0.55
0.42
0.51
0.52
0.45
0.54
0.57
0.42
0.58
0.44
0.51
0.54
0.44
0.54
0.52
0.41
0.52
0.51
0.58
0.59
0.59
0.52
0.4
0.41
0.55
0.54
0.51
0.47
0.56
0.59
0.54
0.56
0.41
0.53
0.56
0.47
0.53
0.53
0.5
0.55
0.59
0.47
0.51
0.58
0.47
0.51
0.57
0.51
0.53
0.55
0.56
0.51
0.53
0.49
0.51
0.54
0.53
0.58
0.55
0.44
0.53
0.47
0.51
0.43
0.52
0.58
0.54
0.59
0.57
0.57
0.57
0.52
0.54
0.48
0.51
0.51
0.47
0.56
0.52
0.52
0.54
0.59
0.58
0.42
0.54
0.53
0.5
0.51
0.53
0.53
0.45
0.5
0.5
0.55
0.59
0.41
0.53
0.59
0.42
0.45
0.55
0.55
0.53
0.54
0.56
0.59
0.59
0.56
0.54
0.53
0.59
0.53
0.58
0.4
0.44
0.55
0.49
0.53
0.56
0.52
0.51
0.53
0.58
0.4
0.53
0.51
0.52
0.49
0.53
0.56
0.54
0.52
0.51
0.44
0.58
0.55
0.57
0.53
0.43
0.54
0.58
0.51
0.44
0.55
0.5
0.45
0.45
0.55
0.56
0.57
0.51
0.52
0.41
0.54
0.59
0.54
0.55
0.46
0.56
0.52
0.58
0.54
0.46
0.44
0.54
0.47
0.54
0.58
0.51
0.42
0.41
0.47
0.53
0.55
0.55
0.43
0.5
0.52
0.55
0.42
0.55
0.54
0.56
0.51
0.52
0.55
0.42
0.54
0.49
0.55
0.52
0.49
0.51
0.46
0.52
0.53
0.44
0.55
0.54
0.52
0.51
0.47
0.59
0.54
0.5
0.53
0.53
0.51
0.55
0.57
0.58
0.54
0.42
0.54
0.51
0.52
0.52
0.55
0.54
0.54
0.59
0.53
0.49
0.55
0.58
0.53
0.55
0.49
0.5
0.54
0.58
0.51
0.56
0.53
0.57
0.47
0.51
0.55
0.52
0.57
0.58
0.47
0.51
0.55
0.42
0.57
0.54
0.54
0.59
0.58
0.52
0.54
0.42
0.53
0.55
0.57
0.5
0.53
0.59
0.57
0.55
0.56
0.54
0.57
0.53
0.52
0.47
0.55
0.54
0.55
0.41
0.45
0.57
0.47
0.55
0.56
0.49
0.56
0.46
0.51
0.58
0.4
0.41
0.48
0.58
