5
10
NA
16.5
5.4
12.8
3.8
3.7
2.9
3.9
6.3
4.5
1.6
16.2
8
8.7
6.7
5.1
4
1.1
2
5.7
4.7
4.8
4.6
6.3
6
6.9
5.6
2.9
0.3
14
12.9
5.1
8
5.6
6
3.6
5.3
6.9
6.1
3
5.3
0.5
11.3
7.6
4.7
13.4
6.5
3.4
8.6
10.6
3.6
1.9
1.6
4.7
3.5
3.2
5.1
11.5
10
5
4.8
5.6
5.2
2.3
4.5
4.6
3.8
2.3
3.7
4.8
5.3
4
2.9
5.7
5
4.2
4.9
2.1
4.2
12.2
3.1
8.5
9.6
4.8
9.8
5.3
4.1
5.7
4.6
5
2.2
0.8
3.8
4.7
9.1
6.1
8.6
3.4
4.7
7
6.3
5.7
1.7
4.2
9.4
5.6
12.4
3
7.4
6.2
4.7
11.5
2.4
11.7
9
5
4.5
2.2
5.3
4.2
5.4
5.6
2.1
3.5
11.8
4.5
3.1
5.8
6.1
4.8
5.4
3.6
8.7
5.9
4.5
1.9
2.7
3.9
4.7
2.2
8
3.9
4.8
5.5
4.6
5.9
1.6
3.2
1.1
8.2
5.1
0.4
1.1
4.2
3
3.4
0.7
4.2
3.6
2.9
10.6
1.8
3.6
1.9
3.4
3.7
1.6
4.6
2.1
8.4
3.1
11.9
3.5
3.9
2.9
3.5
1.4
10.2
3.8
4.3
5.1
5.3
10.7
3.8
3.7
4.5
2.3
3.8
3.9
11.1
3.8
11.2
0
0.7
5
1.9
0.5
12.5
3.8
4.8
4.6
4.1
3.8
3.8
2.9
0
3.2
6
5.6
3.6
11.8
6.6
6.5
8.7
0
3.7
4.8
5.4
0
13.2
5.4
3.8
8.3
4.1
7
2.4
7.7
4.3
3.2
9.4
2.5
4.7
4.3
3.4
0.5
4.4
12.2
3.4
3.4
5.2
15
12.1
0.5
3.6
0.7
9.5
15.2
0.7
6
6.3
8.3
1.4
14
14.9
5
13.7
10.1
6.3
9.1
4.3
11.6
3.9
8.5
6.5
2.2
4.1
7
10.9
0.4
2.7
9.1
13.9
0
5.5
4.6
1.1
4.6
3.8
1.2
5.4
15.2
5.5
3.6
6.5
5
14
6.7
5.5
10.3
4
7.7
11.3
14.2
0.2
0.8
10.2
13.6
8.4
5
2.9
5.6
6.7
10.5
2.4
3.7
6.6
7.6
3.4
7.4
1
8.5
0.4
4.7
0.9
13.9
4.7
6.6
4.6
11.7
16.1
5.4
1.7
4.8
6.7
15.1
3.3
6.8
2
3.7
2.8
3.1
5.2
5
6.7
5.6
9.6
3.4
6.3
6.3
1.8
3.3
6.2
2.4
6
12.4
2.3
5
4.5
4.5
10.1
5.3
9
5.1
11.6
8.6
7.7
3.1
0
3.8
12.9
3.2
5.6
4.4
4.5
0.2
3.4
