-8.52151
-8.52136
-8.5184
-8.51692
-8.51563
-8.51527
-8.5133
-8.51318
-8.50829
-8.50677
-8.50511
-8.50506
-8.50479
-8.50435
-8.50313
-8.50282
-8.50199
-8.50007
-8.49996
-8.49941
-8.49915
-8.49888
-8.49873
-8.49496
-8.49398
-8.49022
-8.489
-8.48838
-8.48619
-8.48356
-8.48355
-8.4827
-8.48207
-8.47809
-8.42101
-8.41413
-8.41369
-8.41272
-8.41206
-8.40645
-8.40628
-8.40601
-8.40489
-8.40381
-8.40365
-8.40364
-8.402
-8.40131
-8.40075
-8.39975
-8.3992
-8.39893
-8.39739
-8.39685
-8.39677
-8.39643
-8.39619
-8.39558
-8.39556
-8.39548
-8.39495
-8.39381
-8.38925
-8.3892
-8.38789
-8.38684
-8.38411
-8.12228
-8.11779
-8.1145
-8.10752
-8.10743
-8.10463
-8.10364
-8.10286
-8.10241
-8.09868
-8.09815
-8.09793
-8.09777
-8.09743
-8.09727
-8.09695
-8.09675
-8.09587
-8.0954
-8.09519
-8.09508
-8.09446
-8.09379
-8.09281
-8.09277
-8.0927
-8.09261
-8.09214
-8.08978
-8.08898
-8.08886
-8.08819
-8.08817
-8.01933
-8.01863
-8.01668
-8.01667
-8.01594
-8.0113
-8.00738
-8.00506
-8.00487
-8.00418
-8.00376
-8.00374
-8.00373
-8.0033
-8.00273
-8.00209
-8.0013
-8.00049
-8.00004
-7.99952
-7.99807
-7.99515
-7.99463
-7.99324
-7.99303
-7.99199
-7.99064
-7.98862
-7.98811
-7.98329
-7.98303
-7.97407
-7.72119
-7.71278
-7.7085
-7.70657
-7.70574
-7.70566
-7.70551
-7.70489
-7.70395
-7.70331
-7.70289
-7.70274
-7.70142
-7.70005
-7.69827
-7.69819
-7.69799
-7.69774
-7.69696
-7.6964
-7.69633
-7.69551
-7.69374
-7.69353
-7.69276
-7.6922
-7.69154
-7.68967
-7.68937
-7.68896
-7.68824
-7.68526
-7.68365
-7.63024
-7.62359
-7.61993
-7.61924
-7.61494
-7.61148
-7.61066
-7.61
-7.60665
-7.60462
-7.6044
-7.60433
-7.60365
-7.60264
-7.60253
-7.60247
-7.60217
-7.60126
-7.59852
-7.59584
-7.5948
-7.59405
-7.5932
-7.59226
-7.59186
-7.58865
-7.58828
-7.5874
-7.58637
-7.58115
-7.58088
-7.57941
-7.57827
-7.57754
-7.31562
-7.31364
-7.31248
-7.31129
-7.30885
-7.30876
-7.3067
-7.30528
-7.30439
-7.30422
-7.30419
-7.30249
-7.29978
-7.29942
-7.29934
-7.29703
-7.29648
-7.29515
-7.29514
-7.2948
-7.29464
-7.29414
-7.29291
-7.29164
-7.29097
-7.29076
-7.28995
-7.28946
-7.28933
-7.2873
-7.28463
-7.28415
-7.22081
-7.21516
-7.21495
-7.2141
-7.21335
-7.21089
-7.21054
-7.20714
-7.2069
-7.20685
-7.20684
-7.20395
-7.20332
-7.20254
-7.20175
-7.2016
-7.20143
-7.19997
-7.19942
-7.1979
-7.19698
-7.19662
-7.19543
-7.1948
-7.19416
-7.19356
-7.19224
-7.19183
-7.19124
-7.19069
-7.18337
-7.1824
-6.91723
-6.91626
-6.91468
-6.91173
-6.90964
-6.90935
-6.90923
-6.90873
-6.90873
-6.90645
-6.90545
-6.90531
-6.90395
-6.90393
-6.90239
-6.90188
-6.90179
-6.90118
-6.9001
-6.89757
-6.89683
-6.89671
-6.89643
-6.89345
-6.89132
-6.89088
-6.88958
-6.88649
-6.88516
-6.88456
-6.81802
-6.81262
-6.81057
-6.80993
-6.80706
-6.80704
-6.80698
-6.8066
-6.80643
-6.80546
-6.80511
-6.80492
-6.80466
-6.8042
-6.8037
-6.80012
-6.79929
-6.7973
-6.79729
-6.79669
-6.79523
-6.79489
-6.79476
-6.79347
-6.7923
-6.7909
-6.78839
-6.7867
-6.78522
-6.78219
-6.77939
-6.77857
-6.51413
-6.51114
-6.50836
-6.50803
-6.50802
-6.50766
-6.50357
-6.50259
-6.50259
-6.50221
-6.50189
-6.50165
-6.49918
-6.49884
-6.49694
-6.49677
-6.49651
-6.4964
-6.49615
-6.49583
-6.49555
-6.49444
-6.49347
-6.49299
-6.49297
-6.49221
-6.48978
-6.48877
-6.48701
-6.48362
-6.41882
-6.41644
-6.4128
-6.41066
-6.40626
-6.40597
-6.40521
-6.40411
-6.40334
-6.40077
-6.40065
-6.40015
-6.39981
-6.39972
-6.39904
-6.39707
-6.39702
-6.39677
-6.39614
-6.39614
-6.39598
-6.39264
-6.39126
-6.38863
-6.3881
-6.38352
-6.38083
-6.37833
-6.37558
-6.3748
-6.37395
-6.37352
-6.18897
-6.13226
-6.12344
-6.11588
-6.11485
-6.11384
-6.11069
-6.11009
-6.11005
-6.10884
-6.10788
-6.10444
-6.10396
-6.1035
-6.10253
-6.10156
-6.10102
-6.10089
-6.10076
-6.09934
-6.09871
-6.09807
-6.09684
-6.09637
-6.09637
-6.09567
-6.09546
-6.09386
-6.09376
-6.08928
-6.08928
-6.08889
-6.08797
-6.08749
-6.08721
-6.08678
-6.08502
-6.07643
-6.02288
-6.0209
-6.01725
-6.01476
-6.01315
-6.01291
-6.01284
-6.01274
-6.01111
-6.01022
-6.00995
-6.00751
-6.00673
-6.00592
-6.00575
-6.00458
-6.00452
-6.0041
-6.00271
-6.00211
-6.00173
-6.00153
-6.00043
-6
-5.99993
-5.99947
-5.99894
-5.99875
-5.99843
-5.99778
-5.9976
-5.99742
-5.99602
-5.99507
-5.99346
-5.99339
-5.99089
-5.98931
-5.72837
-5.7168
-5.7133
-5.71304
-5.71088
-5.71015
-5.70952
-5.70862
-5.70844
-5.70621
-5.70547
-5.70448
-5.70406
-5.70294
-5.70016
-5.70012
-5.69895
-5.69814
-5.69782
-5.69742
-5.69675
-5.69645
-5.69611
-5.69596
-5.69518
-5.69468
-5.69394
-5.69223
-5.69207
-5.69184
-5.69179
-5.6884
-5.68786
-5.68412
-5.68122
-5.68029
-5.61931
-5.61559
-5.61512
-5.61434
-5.61298
-5.61098
-5.60776
-5.60721
-5.60653
-5.60341
-5.60289
-5.60239
-5.60176
-5.60122
-5.60055
-5.59981
-5.59817
-5.59741
-5.59607
-5.596
-5.59595
-5.59478
-5.59273
-5.59205
-5.59141
-5.59018
-5.58943
-5.58916
-5.58909
-5.58857
-5.58696
-5.58549
-5.58534
-5.58456
-5.58339
-5.57613
-5.31661
-5.31318
-5.31149
-5.30992
-5.30858
-5.30707
-5.30625
-5.30558
-5.30291
-5.3016
-5.30098
-5.29878
-5.29831
-5.29829
-5.29801
-5.29796
-5.29741
-5.29653
-5.29652
-5.29611
-5.29609
-5.29561
-5.29506
-5.29478
-5.29438
-5.29264
-5.2916
-5.29159
-5.28758
-5.28725
-5.28236
-5.27671
-5.27653
-5.2748
-5.21426
-5.21262
-5.21238
-5.21019
-5.20929
-5.20799
-5.20736
-5.20647
-5.20596
-5.20547
-5.20426
-5.20363
-5.20339
-5.20189
-5.20153
-5.20009
-5.19815
-5.19524
-5.19487
-5.19446
-5.19394
-5.19367
-5.19365
-5.19349
-5.19273
-5.19272
-5.19206
-5.1916
-5.19136
-5.19059
-5.17737
-5.17732
-5.17671
-4.91906
-4.91868
-4.91814
-4.91776
-4.91657
-4.9154
-4.91532
-4.9128
-4.91206
-4.91175
-4.90923
-4.90823
-4.907
-4.9066
-4.90585
-4.9042
-4.90177
-4.89984
-4.89827
-4.89794
-4.89534
-4.89353
-4.89239
-4.89169
-4.89161
-4.89143
-4.89105
-4.8895
-4.88916
-4.88428
-4.88228
-4.81596
-4.81556
-4.81117
-4.81011
-4.80876
-4.8085
-4.80707
-4.80588
-4.80531
-4.80522
-4.80444
-4.80429
-4.80347
-4.80331
-4.80306
-4.80301
-4.80164
-4.80139
-4.80049
-4.80048
-4.79755
-4.79702
-4.79424
-4.79419
-4.7939
-4.7938
-4.79291
-4.79289
-4.79152
-4.78933
-4.7801
-4.77806
-4.52054
-4.51775
-4.51474
-4.51244
-4.51213
-4.50981
-4.50898
-4.50857
-4.50791
-4.50774
-4.50512
-4.50364
-4.50341
-4.50245
-4.4994
-4.49906
-4.49842
-4.4984
-4.49834
-4.49742
-4.49472
-4.49445
-4.49439
-4.49389
-4.48875
-4.48536
-4.47915
-4.41406
-4.41337
-4.40791
-4.40686
-4.40639
-4.40596
-4.4036
-4.40327
-4.40275
-4.40274
-4.40265
-4.40238
-4.40099
-4.39957
-4.39872
-4.39764
-4.39542
-4.39521
-4.3938
-4.39269
-4.39165
-4.39123
-4.38813
-4.38618
-4.38236
-4.38073
-4.3267
-4.11852
-4.11627
-4.11208
-4.11136
-4.11014
-4.10691
-4.10641
-4.10638
-4.10519
-4.10424
-4.1038
-4.10336
-4.10296
-4.10032
-4.09947
-4.0993
-4.09861
-4.09764
-4.09696
-4.09193
-4.09043
-4.08968
-4.08882
-4.08871
-4.08721
-4.08221
-4.08211
-4.01903
-4.01366
-4.01363
-4.0096
-4.008
-4.006
-4.00473
-4.0038
-4.00375
-4.00192
-4.00191
-4.00164
-3.99963
-3.99925
-3.99743
-3.99411
-3.99368
-3.99342
-3.99325
-3.99304
-3.98921
-3.98739
-3.98556
-3.97838
-3.71776
-3.71673
-3.71532
-3.71529
-3.70888
-3.70587
-3.70501
-3.70248
-3.70208
-3.70102
-3.69773
-3.69707
-3.69684
-3.69684
-3.69665
-3.69419
-3.69289
-3.69243
-3.6894
-3.68936
-3.68799
-3.68723
-3.68401
-3.68315
-3.68168
-3.68082
-3.61765
-3.61096
-3.60787
-3.60632
-3.60476
-3.60408
-3.60333
-3.6023
-3.60132
-3.60068
-3.59999
-3.59944
-3.59748
-3.59744
-3.59673
-3.59614
-3.5956
-3.59526
-3.59485
-3.58999
-3.58663
-3.5866
-3.58604
-3.5805
-3.57249
-3.32751
-3.32325
-3.31583
-3.31186
-3.30937
-3.30762
-3.30649
-3.30619
-3.30489
-3.30396
-3.30198
-3.30058
-3.29877
-3.29846
-3.29699
-3.29681
-3.29476
-3.2931
-3.29265
-3.29176
-3.28942
-3.28919
-3.2875
-3.28697
-3.21498
-3.21435
-3.21399
-3.21368
-3.21367
-3.21343
-3.21267
-3.21026
-3.20902
-3.20407
-3.20226
-3.20155
-3.19749
-3.19697
-3.19688
-3.19555
-3.19499
-3.19448
-3.19311
-3.193
-3.19238
-3.19101
-3.18742
-3.18659
-2.92462
-2.91364
-2.91126
-2.90996
-2.9093
-2.9075
-2.90497
-2.90483
-2.90452
-2.90417
-2.90345
-2.9028
-2.90259
-2.90131
-2.89924
-2.89674
-2.8958
-2.89576
-2.89512
-2.89229
-2.89025
-2.88972
-2.88966
-2.88497
-2.88445
-2.81808
-2.81697
-2.81118
-2.80856
-2.80679
-2.80626
-2.806
-2.8057
-2.8013
-2.80097
-2.80078
-2.80033
-2.79953
-2.79851
-2.79815
-2.79669
-2.79553
-2.79181
-2.78941
-2.7893
-2.78829
-2.788
-2.78346
-2.78337
-2.52667
-2.52233
-2.51895
-2.51355
-2.50973
-2.5091
-2.50837
-2.50673
-2.50456
-2.50245
-2.5016
-2.49918
-2.49888
-2.49835
-2.49754
-2.49703
-2.4963
-2.49613
-2.49572
-2.495
-2.49416
-2.49202
-2.49157
-2.48995
-2.48905
-2.48778
-2.43262
-2.41882
-2.41343
-2.41272
-2.41113
-2.41007
-2.40989
-2.40412
-2.40355
-2.4024
-2.40175
-2.40093
-2.40083
-2.39964
-2.3996
-2.39932
-2.39793
-2.39682
-2.39641
-2.39609
-2.39432
-2.39323
-2.38971
-2.38936
-2.38463
-2.11666
-2.1101
-2.10558
-2.1046
-2.10003
-2.0998
-2.09915
-2.09875
-2.09871
-2.09804
-2.09792
-2.09749
-2.09743
-2.09648
-2.0943
-2.09326
-2.09291
-2.09286
-2.09102
-2.08959
-2.08845
-2.08805
-2.08548
-2.08444
-2.08432
-2.07601
-2.02444
-2.01326
-2.0113
-2.01125
-2.00972
-2.00855
-2.00605
-2.00506
-2.00473
-2.00391
-2.00312
-2.00263
-2.00151
-2.00122
-2.00066
-1.99992
-1.99956
-1.99902
-1.9989
-1.99882
-1.99855
-1.99844
-1.99662
-1.99146
-1.98735
-1.9861
-1.98508
-1.71357
-1.70827
-1.70816
-1.70804
-1.70687
-1.70514
-1.70395
-1.70306
-1.70211
-1.70097
-1.7007
-1.6992
-1.69901
-1.69875
-1.69832
-1.69832
-1.69766
-1.69521
-1.69493
-1.69451
-1.69445
-1.69277
-1.69197
-1.69154
-1.69095
-1.69078
-1.68672
-1.68132
-1.61391
-1.61107
-1.61093
-1.60912
-1.6073
-1.60377
-1.60338
-1.60322
-1.60285
-1.60276
-1.6024
-1.60186
-1.59719
-1.59714
-1.59678
-1.5957
-1.59559
-1.59411
-1.59383
-1.59261
-1.59163
-1.58989
-1.58554
-1.58361
-1.58147
-1.57807
-1.57516
-1.3166
-1.31532
-1.31456
-1.31455
-1.31333
-1.31207
-1.30997
-1.30638
-1.30362
-1.30234
-1.2999
-1.29872
-1.2966
-1.29659
-1.29499
-1.29496
-1.29455
-1.29393
-1.29202
-1.29195
-1.29191
-1.29118
-1.28971
-1.28888
-1.28759
-1.2851
-1.2822
-1.22018
-1.2154
-1.21474
-1.21455
-1.21208
-1.21114
-1.2095
-1.20856
-1.2082
-1.20815
-1.20715
-1.20574
-1.20567
-1.20519
-1.20353
-1.20291
-1.20247
-1.20192
-1.20141
-1.20077
-1.19916
-1.19805
-1.19086
-1.18962
-1.18858
-1.18811
-1.18722
-1.18554
-1.1848
-1.17862
-1.144
-0.925578
-0.914457
-0.913085
-0.912963
-0.912544
-0.910906
-0.910852
-0.908826
-0.907686
-0.905075
-0.901489
-0.900854
-0.90035
-0.899962
-0.899523
-0.898682
-0.898576
-0.896826
-0.89547
-0.894802
-0.894569
-0.893044
-0.89287
-0.892421
-0.889908
-0.886988
-0.885093
-0.884884
-0.884854
-0.878016
-0.823003
-0.817819
-0.81515
-0.813916
-0.808469
-0.808301
-0.807625
-0.806364
-0.806306
-0.805911
-0.805265
-0.80516
-0.804672
-0.804666
-0.804322
-0.804138
-0.803982
-0.803697
-0.803358
-0.803079
-0.8026
-0.79788
-0.797163
-0.795365
-0.795348
-0.792404
-0.79073
-0.788747
-0.78477
-0.520785
-0.510728
-0.508842
-0.508819
-0.508362
-0.508186
-0.507776
-0.505992
-0.50453
-0.503535
-0.503057
-0.501857
-0.501738
-0.501197
-0.500185
-0.500092
-0.499029
-0.496044
-0.495082
-0.491943
-0.491934
-0.491607
-0.491207
-0.488825
-0.487503
-0.485946
-0.484185
-0.483349
-0.482954
-0.481543
-0.481385
-0.420959
-0.417293
-0.415288
-0.413569
-0.413541
-0.411562
-0.40859
-0.4084
-0.407918
-0.405788
-0.405284
-0.403616
-0.403547
-0.403398
-0.403274
-0.402285
-0.401441
-0.400815
-0.400486
-0.399437
-0.397335
-0.396028
-0.395637
-0.395597
-0.395287
-0.394267
-0.392213
-0.390874
-0.387254
-0.384809
-0.381928
-0.376709
-0.129787
-0.114137
-0.110868
-0.108303
-0.107449
-0.106886
-0.104792
-0.10452
-0.104301
-0.103948
-0.102803
-0.102588
-0.1024
-0.100015
-0.100003
-0.0998677
-0.0993922
-0.0970411
-0.0969596
-0.0969106
-0.0966925
-0.0966517
-0.0959425
-0.0948798
-0.0944965
-0.0939492
-0.092782
-0.0918894
-0.0916177
-0.0907978
-0.0862187
-0.0742322
-0.066
-0.018191
-0.0179514
-0.0161137
-0.0140639
-0.0134256
-0.0124016
-0.0113864
-0.0102492
-0.00933941
-0.00905547
-0.00613441
-0.00570642
-0.00567066
-0.00515297
-0.00489888
-0.00420481
-0.00386868
-0.00340011
-0.00332641
0.00163846
0.00319831
0.00320542
0.00521211
0.00522113
0.00804376
0.00935074
0.0101842
0.0128694
0.0132499
0.0141655
0.0205745
0.0225921
0.0256737
0.26259
0.271506
0.285076
0.28682
0.28799
0.289106
0.291319
0.292745
0.293183
0.293253
0.293937
0.296465
0.296826
0.297718
0.298086
0.298283
0.298762
0.299074
0.299523
0.29965
0.300232
0.300313
0.304989
0.305104
0.307429
0.307469
0.308369
0.309328
0.309749
0.310793
0.311704
0.312243
0.31941
0.320771
0.381358
0.381939
0.384224
0.389182
0.389373
0.38995
0.390758
0.392814
0.393024
0.393072
0.393095
0.394044
0.39488
0.396928
0.397413
0.397839
0.398307
0.401082
0.401772
0.40207
0.402204
0.402338
0.403384
0.403541
0.404032
0.404631
0.404891
0.405397
0.40589
0.405988
0.407016
0.407524
0.408792
0.412089
0.66775
0.683754
0.684837
0.68604
0.687765
0.689635
0.692473
0.693998
0.695106
0.696141
0.697101
0.697277
0.697434
0.697552
0.698745
0.699894
0.700309
0.70042
0.700496
0.701819
0.702443
0.702678
0.705586
0.707177
0.708578
0.709701
0.709905
0.711348
0.714771
0.715592
0.720573
0.722096
0.780616
0.780733
0.781794
0.784175
0.784462
0.79057
0.792189
0.792598
0.793379
0.795196
0.795931
0.79693
0.797318
0.797488
0.798379
0.799359
0.800067
0.80026
0.801266
0.801369
0.801535
0.802273
0.804926
0.80643
0.807555
0.808053
0.808839
0.809504
0.810966
0.811939
0.813785
0.814938
0.81615
0.816476
1.077
1.08344
1.08416
1.08542
1.08755
1.08815
1.08983
1.09081
1.09148
1.09149
1.09171
1.09211
1.0923
1.09532
1.09537
1.09595
1.09769
1.09775
1.09796
1.09798
1.09865
1.09949
1.10018
1.10201
1.10219
1.10364
1.10368
1.10402
1.10457
1.10797
1.10821
1.1083
1.10917
1.11475
1.11915
1.17439
1.18666
1.1875
1.18776
1.18884
1.18911
1.18967
1.19057
1.19135
1.1922
1.19384
1.19412
1.19822
1.19853
1.19991
1.20003
1.20005
1.2001
1.20074
1.20087
1.2011
1.20114
1.20228
1.20272
1.20324
1.20333
1.20503
1.2051
1.2059
1.20606
1.20678
1.21138
1.21174
1.21432
1.21614
1.48354
1.48784
1.48909
1.48951
1.49008
1.49156
1.49191
1.49192
1.49211
1.49265
1.49387
1.49419
1.49508
1.49515
1.49537
1.4961
1.49634
1.49684
1.49701
1.49804
1.49887
1.49919
1.49945
1.50041
1.50143
1.50357
1.50363
1.50377
1.50507
1.50613
1.50657
1.51017
1.51148
1.51352
1.5185
1.52065
1.58229
1.58908
1.58944
1.59246
1.59312
1.59337
1.59379
1.59458
1.59479
1.59492
1.59667
1.59676
1.59793
1.59894
1.59913
1.59956
1.6004
1.60108
1.60202
1.60296
1.60734
1.6074
1.60855
1.61056
1.61115
1.61183
1.61185
1.61255
1.61447
1.6154
1.61706
1.61883
1.61938
1.6231
1.62505
1.62533
1.88311
1.88314
1.88425
1.88771
1.88853
1.88881
1.88885
1.89077
1.89292
1.89407
1.89409
1.89432
1.89615
1.8965
1.8984
1.8985
1.89891
1.90046
1.90057
1.90164
1.90301
1.90356
1.90373
1.90395
1.90413
1.90419
1.90431
1.90457
1.90614
1.90712
1.90773
1.90784
1.91193
1.91317
1.9138
1.91447
1.97117
1.97624
1.9835
1.9851
1.98968
1.99169
1.99221
1.99415
1.99492
1.995
1.99528
1.9966
1.99707
1.99747
1.99787
1.99789
1.99917
2.00021
2.00045
2.00053
2.00128
2.00217
2.00327
2.0036
2.00579
2.00613
2.00669
2.00778
2.00839
2.00858
2.00922
2.00951
2.01091
2.01508
2.0171
2.01913
2.27858
2.2802
2.28562
2.2879
2.28878
2.28907
2.29288
2.29503
2.29538
2.29595
2.29651
2.29718
2.29721
2.29763
2.29795
2.29862
2.29888
2.2996
2.301
2.30215
2.30238
2.30499
2.30564
2.30757
2.30895
2.30978
2.30982
2.3106
2.31126
2.31183
2.31572
2.31815
2.31985
2.32322
2.32489
2.38691
2.3873
2.3876
2.38924
2.38993
2.39027
2.391
2.39235
2.39239
2.39257
2.39332
2.39384
2.3942
2.39496
2.39573
2.39591
2.39593
2.39596
2.39618
2.39757
2.39915
2.39915
2.40104
2.40163
2.40419
2.40486
2.40508
2.40579
2.40624
2.40701
2.40733
2.40781
2.40808
2.41139
2.41247
2.41639
2.664
2.67331
2.68344
2.68529
2.68644
2.6868
2.68689
2.6869
2.68736
2.68742
2.68814
2.68912
2.69181
2.69187
2.69244
2.69436
2.69504
2.6955
2.69558
2.69565
2.70299
2.70376
2.70439
2.70481
2.70524
2.70671
2.70676
2.70815
2.7083
2.70995
2.71051
2.71203
2.71601
2.71837
2.71868
2.77484
2.77895
2.78271
2.78534
2.78548
2.78681
2.78802
2.78918
2.79085
2.79821
2.79896
2.79931
2.79943
2.79944
2.80298
2.80347
2.80369
2.80474
2.80486
2.80525
2.80613
2.80663
2.80683
2.80759
2.80841
2.80844
2.80887
2.80892
2.81003
2.81052
2.81069
2.81085
2.81093
2.81706
2.81773
2.82279
3.07814
3.08288
3.08358
3.08936
3.08962
3.08965
3.09025
3.09277
3.09328
3.0939
3.09465
3.0951
3.09534
3.09602
3.09827
3.09902
3.0994
3.09991
3.10013
3.10096
3.10114
3.10288
3.10326
3.10464
3.10481
3.10651
3.10725
3.10812
3.11077
3.11257
3.11384
3.11449
3.11704
3.11856
3.11989
3.18515
3.18683
3.18863
3.18944
3.18975
3.19037
3.19045
3.19165
3.19415
3.19432
3.19614
3.19646
3.19761
3.19839
3.19874
3.2003
3.20041
3.20093
3.20156
3.20165
3.20249
3.2025
3.20598
3.2065
3.20673
3.20739
3.20846
3.21169
3.21175
3.21304
3.21373
3.21593
3.21755
3.21847
3.22243
3.48082
3.4817
3.48494
3.48505
3.48505
3.48582
3.48589
3.49042
3.49059
3.49382
3.49407
3.49454
3.49509
3.4965
3.49652
3.49699
3.49916
3.50034
3.50162
3.50216
3.50218
3.50258
3.50355
3.50392
3.504
3.50481
3.5073
3.50847
3.5085
3.51124
3.51285
3.51411
3.51616
3.51993
3.5771
3.57777
3.57966
3.58589
3.59208
3.59313
3.59424
3.59457
3.59633
3.59664
3.5981
3.59927
3.60023
3.60227
3.60333
3.60334
3.60346
3.60382
3.60451
3.60551
3.60652
3.60672
3.60722
3.60771
3.60782
3.60813
3.60825
3.60958
3.61089
3.61106
3.61276
3.61293
3.61324
3.61841
3.88282
3.88433
3.88661
3.88662
3.88756
3.88763
3.88793
3.88825
3.88833
3.89126
3.89137
3.89272
3.89343
3.89414
3.8946
3.89514
3.89532
3.89677
3.89725
3.89906
3.90148
3.90156
3.90406
3.9048
3.90644
3.90825
3.90918
3.90944
3.91028
3.91633
3.9177
3.92025
3.92178
3.97732
3.98408
3.98714
3.98724
3.98729
3.98956
3.99108
3.99375
3.99557
3.99569
3.99595
3.99644
3.99704
3.99754
3.99808
3.99858
3.99967
3.99979
4.00121
4.00224
4.00291
4.00323
4.00472
4.00674
4.00694
4.00718
4.00905
4.01101
4.0122
4.01461
4.0155
4.01722
4.02414
4.02538
4.03333
4.27854
4.28333
4.28377
4.28788
4.2884
4.28888
4.29164
4.29306
4.29319
4.29337
4.29448
4.29632
4.29659
4.29675
4.29804
4.29897
4.29936
4.29974
4.3008
4.30326
4.30394
4.30427
4.30588
4.30629
4.30665
4.30666
4.30742
4.30842
4.30965
4.31003
4.31137
4.31327
4.31451
4.31805
4.37437
4.38427
4.38675
4.38893
4.39014
4.39281
4.39444
4.39457
4.39481
4.39495
4.39628
4.39661
4.39694
4.39833
4.39896
4.3995
4.40072
4.40074
4.40179
4.40233
4.40277
4.40288
4.4032
4.40414
4.40476
4.40756
4.40815
4.40817
4.41081
4.4112
4.41319
4.41646
4.41831
4.6
4.67297
4.68132
4.68385
4.68576
4.68796
4.68813
4.68828
4.68963
4.6923
4.69591
4.69648
4.69862
4.6988
4.70054
4.70097
4.70104
4.70312
4.70494
4.70756
4.70785
4.71007
4.71039
4.71105
4.71182
4.71235
4.71411
4.71532
4.71668
4.717
4.71962
4.76667
4.77688
4.78313
4.78471
4.78568
4.7877
4.78883
4.79039
4.79163
4.79535
4.79653
4.79657
4.79696
4.79991
4.8001
4.80124
4.8034
4.80362
4.80367
4.80609
4.80886
4.8092
4.80974
4.81066
4.8112
4.81201
4.81284
4.81341
4.81413
4.81422
4.81677
4.81824
5.07574
5.08241
5.08332
5.08555
5.08677
5.0922
5.09262
5.0932
5.09323
5.09431
5.09433
5.09458
5.09495
5.09604
5.09703
5.10188
5.10189
5.10215
5.10217
5.10275
5.10717
5.10834
5.10835
5.10838
5.11037
5.11247
5.11529
5.11573
5.12071
5.18718
5.18739
5.18786
5.18933
5.19058
5.19255
5.1937
5.19464
5.1948
5.19545
5.1955
5.19611
5.19887
5.19922
5.20056
5.2009
5.20166
5.20181
5.20416
5.20632
5.20647
5.20666
5.20717
5.21154
5.21208
5.21468
5.21691
5.33333
5.41667
5.48176
5.48362
5.48774
5.48973
5.49069
5.49149
5.49161
5.49247
5.4981
5.49874
5.49875
5.50045
5.50141
5.5029
5.50459
5.50472
5.50602
5.50669
5.51053
5.51084
5.51146
5.51245
5.51612
5.51708
5.58553
5.58735
5.58891
5.59023
5.59048
5.59304
5.59347
5.59418
5.59613
5.59711
5.59781
5.59885
5.59946
5.59969
5.6
5.60127
5.6018
5.60183
5.60192
5.60237
5.60419
5.61414
5.61596
5.88654
5.88777
5.88999
5.89233
5.89324
5.8933
5.89438
5.89441
5.89563
5.89672
5.89716
5.89887
5.90188
5.90288
5.90333
5.90441
5.90442
5.90493
5.9078
5.90883
5.9109
5.91256
5.917
5.98222
5.98542
5.98549
5.98626
5.98741
5.98759
5.98818
5.99481
5.99565
5.99665
5.99899
5.9995
6
6.00107
6.00219
6.00309
6.00405
6.00409
6.00735
6.00893
6.00947
6.01402
6.204
6.28421
6.28515
6.28902
6.29357
6.29707
6.29712
6.29903
6.29962
6.30158
6.30191
6.30507
6.30549
6.30701
6.30903
6.31034
6.31517
6.31903
6.32426
6.38203
6.38493
6.38753
6.39273
6.3943
6.39582
6.39734
6.39993
6.403
6.40341
6.40343
6.4036
6.40463
6.40514
6.40813
6.40945
6.40945
6.4108
6.41201
6.41897
6.41962
6.68575
6.68986
6.69069
6.69197
6.69219
6.6948
6.69565
6.69685
6.69733
6.69802
6.69947
6.70011
6.70335
6.70485
6.70486
6.70525
6.71002
6.71075
6.78331
6.78867
6.78983
6.78989
6.79082
6.79302
6.79513
6.79604
6.79798
6.7985
6.80035
6.8007
6.80157
6.80206
6.8031
6.80923
6.81003
6.81341
6.81618
7.08683
7.08817
7.08912
7.0914
7.09307
7.0932
7.09487
7.09491
7.09687
7.09829
7.09835
7.09891
7.10313
7.10407
7.10457
7.11009
7.11564
7.18257
7.18406
7.19233
7.20133
7.2025
7.20311
7.20356
7.20445
7.2045
7.20463
7.2047
7.20746
7.20824
7.21015
7.21148
7.21164
7.21381
7.4879
7.48907
7.49158
7.49168
7.49196
7.49594
7.49746
7.49777
7.49976
7.49979
7.50054
7.50303
7.50409
7.50835
7.51049
7.51275
7.57395
7.58159
7.58312
7.58788
7.58971
7.59331
7.59405
7.59502
7.59505
7.59876
7.59879
7.60116
7.60356
7.60501
7.61103
7.61431
7.61787
7.88644
7.88876
7.88997
7.89316
7.89318
7.89388
7.89391
7.89568
7.896
7.8963
7.90019
7.90046
7.90545
7.90667
7.91372
7.97959
7.99334
7.99388
7.99469
7.99515
7.99697
7.99698
7.99786
8.00002
8.00215
8.00471
8.00751
8.00835
8.01022
8.01039
8.01365
8.01451
8.12049
8.1283
8.1831
8.219
8.222
8.223
8.2547
8.28209
8.28508
8.28966
8.29218
8.29541
8.29819
8.30104
8.304
8.30429
8.30472
8.30589
8.30621
8.30969
8.3106
8.31081
8.31298
8.38984
8.39047
8.39132
8.39225
8.39414
8.39564
8.39629
8.40837
8.41033
8.41771
8.41851
8.42122
8.424
8.44167
8.5485
8.565
8.6066
8.68242
8.69093
8.69359
8.69558
8.69597
8.7
8.7
8.70145
8.70263
8.71065
8.7107
8.78854
8.79777
8.79944
8.79983
8.80106
8.80334
8.80561
8.81068
8.81705
8.85
8.8631
9.0288
9.08308
9.08339
9.08359
9.08522
9.09501
9.09921
9.10224
9.10913
9.15625
9.18997
9.19489
9.1971
9.20134
9.20306
9.20474
9.2064
9.20992
9.21281
9.29667
9.418
9.4213
9.43
9.47842
9.48771
9.49682
9.50009
9.50429
9.51006
9.51103
9.51204
9.58866
9.5917
9.59517
9.59629
9.59721
9.5986
9.59887
9.60107
9.6052
9.62195
9.63
9.712
9.783
9.83383
9.8885
9.89559
9.90051
9.90483
9.90653
9.91128
9.9163
9.91848
9.9335
9.935
9.965
9.9789
9.98433
9.98678
9.988
9.99624
9.99849
10.0035
10.0042
10.0049
10.0063
10.0078
10.0106
10.011
10.052
10.0943
10.1967
10.2045
10.238
10.2407
10.2585
10.2778
10.292
10.2924
10.2954
10.3004
10.3018
10.3069
10.3087
10.3091
10.3102
10.3134
10.3784
10.3846
10.39
10.3938
10.3942
10.3973
10.4027
10.4039
10.4086
10.415
10.4223
10.502
10.588
10.6601
10.6645
10.6713
10.6713
10.6713
10.6745
10.6871
10.6902
10.6915
10.6931
10.6997
10.7002
10.7062
10.7071
10.7088
10.7124
10.7124
10.7129
10.7144
10.7161
10.7827
10.7827
10.7851
10.7862
10.7882
10.7917
10.7943
10.7962
10.7986
10.8007
10.8007
10.8012
10.8013
10.8032
10.807
10.808
10.8145
10.8152
10.8513
10.8633
10.9253
10.9253
10.9266
10.9833
11.0829
11.0874
11.09
11.0924
11.0948
11.0955
11.0969
11.0974
11.1041
11.1054
11.1082
11.1087
11.1094
11.1231
11.1262
11.1592
11.1667
11.1718
11.1777
11.184
11.1854
11.1876
11.1905
11.1925
11.1965
11.1975
11.1977
11.198
11.2009
11.2023
11.207
11.2082
11.2139
11.22
11.225
11.35
11.3586
11.3586
11.4503
11.4667
11.4881
11.4927
11.4966
11.497
11.5027
11.504
11.5112
11.5167
11.5196
11.5333
11.5472
11.5602
11.5834
11.5863
11.5905
11.5962
11.6009
11.6017
11.6043
11.6058
11.607
11.6101
11.6333
11.709
11.7617
11.8531
11.8938
11.8943
11.8979
11.9002
11.909
11.9144
11.9289
11.9293
11.9713
11.9932
11.9936
12.0027
12.0042
12.042
12.25
12.2948
12.3017
12.302
12.3024
12.3087
12.3111
12.375
12.3897
12.3954
12.3971
12.3974
12.4
12.4012
12.4068
12.4073
12.4557
12.467
12.4704
12.5
12.5
12.5407
12.55
12.5693
12.6932
12.6945
12.7002
12.7034
12.7105
12.7923
12.806
12.8118
12.8213
12.95
13.0856
13.1078
13.1907
13.1909
13.2008
13.489
13.5029
13.5032
13.607
13.613
13.6343
13.6433
13.7667
13.8183
13.8817
13.894
13.9006
13.9185
13.9867
14.0043
14.0093
14.011
14.2741
14.2935
14.2937
14.2948
14.2964
14.326
14.3583
14.3833
14.3964
14.4009
14.4058
14.4072
14.692
14.6924
14.6927
14.6934
14.6976
14.6991
14.7122
14.7791
14.7949
14.7982
14.7999
14.803
14.8037
14.835
14.9731
15.0793
15.0795
15.082
15.1088
15.1349
15.137
15.1405
15.1984
15.2
15.2004
15.2154
15.2191
15.486
15.4885
15.4958
15.5083
15.51
15.5533
15.5976
15.5992
15.6045
15.612
15.6191
15.8866
15.8866
15.897
15.9008
15.9852
15.996
15.9969
16.0001
16.0027
16.2885
16.2888
16.2912
16.2962
16.3021
16.3154
16.3777
16.38
16.3972
16.4025
16.4032
16.6815
16.6856
16.6887
16.6911
16.6928
16.696
16.6983
16.7102
16.7118
16.7856
16.7912
16.7915
16.793
16.7954
16.7966
16.7973
16.8035
16.8043
16.8064
17.079
17.0896
17.091
17.0948
17.0957
17.0959
17.0999
17.1023
17.1036
17.1089
17.1148
17.1925
17.194
17.1953
17.1981
17.2001
17.2006
17.2027
17.2038
17.2044
17.2092
17.2094
17.2139
17.4858
17.489
17.4913
17.4928
17.4933
17.4945
17.5001
17.5015
17.506
17.5089
17.5108
17.512
17.5145
17.5763
17.5907
17.5967
17.5972
17.5983
17.5993
17.5996
17.6018
17.6031
17.6069
17.6092
17.6109
17.6116
17.6121
17.6187
17.638
17.8787
17.8879
17.8885
17.8905
17.8915
17.8942
17.8951
17.897
17.8976
17.8983
17.8993
17.9007
17.9016
17.9038
17.9157
17.9703
17.9962
17.9963
17.9964
18.0001
18.0011
18.0014
18.0023
18.0026
18.0041
18.0065
18.0081
18.0154
18.0156
18.0213
18.2745
18.2875
18.2893
18.2911
18.2932
18.2938
18.294
18.2947
18.2993
18.3034
18.3042
18.3054
18.3064
18.3075
18.3096
18.325
18.3848
18.3901
18.394
18.398
18.3982
18.3996
18.4012
18.4015
18.4033
18.4062
18.4088
18.4094
18.4105
18.4151
18.4171
18.4182
18.683
18.6892
18.6902
18.6907
18.6925
18.694
18.6963
18.6987
18.7024
18.7029
18.703
18.7046
18.7097
18.7111
18.7118
18.713
18.7157
18.7195
18.7223
18.7847
18.7878
18.7903
18.7912
18.7944
18.7967
18.7975
18.7993
18.7998
18.7998
18.8033
18.8054
18.8061
18.8065
18.8069
18.8079
18.8082
18.8095
18.8095
18.8098
18.8104
18.813
19.0743
19.0853
19.0864
19.0893
19.0896
19.093
19.094
19.0965
19.0974
19.102
19.1027
19.1028
19.1028
19.1032
19.1043
19.1056
19.1073
19.1087
19.1114
19.1116
19.1126
19.1187
19.1735
19.1842
19.1858
19.1873
19.1915
19.1922
19.1924
19.1925
19.1926
19.1933
19.1943
19.1961
19.1968
19.1976
19.2014
19.2022
19.2037
19.2042
19.207
19.2106
19.2115
19.2119
19.2151
19.4693
19.4815
19.4864
19.4867
19.4882
19.4887
19.4914
19.4995
19.5007
19.5015
19.5025
19.503
19.5037
19.5061
19.5062
19.508
19.509
19.5097
19.5118
19.512
19.512
19.5121
19.5125
19.5811
19.5811
19.5816
19.5833
19.584
19.5904
19.5929
19.5931
19.5958
19.5983
19.5993
19.6014
19.6023
19.6027
19.6041
19.6051
19.6053
19.6053
19.6056
19.6086
19.6091
19.6114
19.6161
19.8771
19.8852
19.8854
19.8861
19.8906
19.8936
19.8937
19.8952
19.8973
19.898
19.8981
19.8991
19.9038
19.9052
19.9059
19.9074
19.9086
19.9092
19.9095
19.9105
19.9127
19.9128
19.988
19.9887
19.9897
19.9908
19.9918
19.9939
19.9939
19.9944
19.9958
19.998
19.9981
19.9987
20.0021
20.0035
20.0048
20.0071
20.0073
20.0101
20.0107
20.0132
20.0135
20.0177
20.2763
20.2816
20.2873
20.2875
20.29
20.2909
20.2944
20.2946
20.2947
20.2953
20.2959
20.297
20.2976
20.2979
20.3008
20.3014
20.3022
20.3027
20.3056
20.3108
20.3112
20.3878
20.3891
20.3907
20.3907
20.3908
20.3917
20.3982
20.3983
20.3986
20.3993
20.4012
20.4033
20.4035
20.4052
20.4052
20.406
20.4069
20.409
20.4129
20.4186
20.4201
20.6829
20.6843
20.6859
20.6865
20.6892
20.6919
20.6945
20.6969
20.6974
20.699
20.6997
20.7003
20.7024
20.7032
20.704
20.7065
20.7073
20.7091
20.7092
20.7126
20.7134
20.7152
20.7181
20.7842
20.7843
20.7849
20.7859
20.7865
20.792
20.7924
20.7931
20.7935
20.7946
20.796
20.7968
20.7996
20.8018
20.8032
20.8082
20.8092
20.8115
20.8119
20.8131
20.8174
20.8199
21.0758
21.0824
21.0833
21.0871
21.0884
21.0892
21.091
21.0937
21.0948
21.0951
21.0964
21.1001
21.1003
21.1003
21.1024
21.103
21.1032
21.1033
21.1036
21.1053
21.1087
21.1782
21.181
21.1929
21.196
21.1962
21.1962
21.1965
21.197
21.1974
21.1983
21.2012
21.2046
21.2061
21.2083
21.2118
21.2132
21.2156
21.221
21.4834
21.4969
21.4981
21.4983
21.5
21.5012
21.5017
21.5055
21.5072
21.5077
21.5087
21.5102
21.5151
21.5152
21.5154
21.5709
21.5869
21.5893
21.594
21.5967
21.5972
21.6012
21.6058
21.608
21.6095
21.6137
21.6145
21.6217
21.6281
21.8892
21.8908
21.8918
21.8942
21.8944
21.8971
21.8993
21.8996
21.8997
21.91
21.913
21.9878
21.9913
21.9927
21.9986
21.9997
22.002
22.0048
22.0052
22.0057
22.0061
22.0066
22.0082
63.7959
59.4093
62.9931
55.3933
64.2026
51.3985
59.0149
49.8033
60.2148
55.8056
62.5969
65.0207
56.2076
64.6021
62.1953
54.5962
57.8111
57.4131
60.5935
50.6005
49.3861
57.0002
61.4021
50.1752
48.9996
56.6075
58.5979
50.9985
55.0258
59.8121
58.2099
61.007
61.8003
63.3961
49.2002
58.3909
56.8048
55.9911
61.5907
60.8072
49.6113
50.4029
64.3884
59.989
57.5993
51.206
50.0093
57.1953
59.1998
50.7935
58.0028
59.5925
63.6059
55.5974
56.4088
62.013
60.4014
63.9956
58.7981
55.2123
62.8034
64.7939
63.1835
51.601
61.2064
65.1935
62.4015
51.3741
65.0041
60.6044
56.1974
62.2053
64.1967
63.7751
51.7789
61.8121
59.797
56.9852
60.198
57.7875
51.0143
49.7999
58.6096
50.1854
59.3903
49.3964
50.5908
64.6119
58.9851
55.803
61.3949
60.9994
62.9927
55.3965
48.9991
62.6142
57.3974
58.2036
56.6003
63.4064
59.5988
62.0002
49.5843
50.0123
56.3883
62.3971
59.9956
61.606
64.8052
64.4189
63.585
59.2021
55.5961
51.2082
57.6064
60.7848
57.1897
58.4059
58.0055
50.8024
49.2088
56.787
65.203
51.5922
50.4102
55.9852
61.2269
64.0076
62.7899
60.3978
58.7878
63.196
50.609
55.787
49.0078
62.5945
56.1981
60.9985
61.4028
51.7807
57.7975
56.5898
50.9887
58.6053
61.7856
58.1983
59.4057
64.9899
57.0032
62.2181
64.1848
60.2006
64.6201
58.9961
49.4015
51.3985
60.5902
49.7999
55.399
63.805
50.2034
57.3908
59.8069
63.0038
63.4004
51.1854
64.4161
57.602
61.6111
65.1908
60.0011
64.0075
63.1824
49.1878
62.805
49.5908
50.8016
62.015
59.2144
63.6103
59.6046
55.594
58.8056
57.1811
56.4019
64.7911
60.4081
62.405
51.9933
61.1997
60.7904
50.395
56.79
51.5768
55.1829
49.9895
58.4027
56.0031
58.0022
57.0011
62.9848
48.9985
59.395
57.8076
51.0129
63.3933
59.7993
58.594
64.2149
61.7978
50.2067
49.8199
61.3898
62.2159
51.3933
56.2067
64.996
56.6099
60.6137
50.597
59.0014
51.79
58.2046
61.009
49.4076
62.6072
64.6056
55.4239
60.1925
63.7849
55.815
56.0125
65.2062
50.8014
55.601
62.3959
64.4049
50.0067
64.7904
49.1982
58.799
56.7898
60.8194
64.0036
58.0036
49.6064
57.2048
56.416
60.421
51.6067
62.7732
52.0009
61.2122
61.9873
58.3907
50.3906
63.1874
63.5926
59.9873
59.6125
59.2132
61.6089
51.1956
49.3991
59.8069
51.4162
64.9962
64.1978
49.0069
55.7861
59.0135
61.3918
60.9956
55.3845
56.6121
50.2053
63.0064
57.0064
62.5913
64.6009
63.3936
51.8045
60.5901
63.8028
57.4071
56.1935
51.0026
61.804
49.78
60.1851
59.3886
58.6018
50.5972
57.2002
51.1931
55.5848
59.2188
64.0127
51.5855
49.1978
56.7965
61.6121
55.202
64.7848
63.2138
58.3976
56.4013
59.5906
60.3896
50.389
52.0064
62.3977
58.7996
55.9977
49.9958
64.3922
60.7782
49.62
57.5897
62.7748
60.0323
61.1859
65.1835
63.6029
50.8031
49.8005
63.0144
60.5928
56.2037
50.6123
60.2209
61.3949
50.21
58.5793
51.0053
59.7916
63.3879
60.983
48.9916
58.9997
51.4058
62.5848
64.2074
55.3975
51.8121
55.79
61.7934
65.0006
59.3908
63.804
57.8107
56.9945
56.6013
64.6082
49.3995
62.0054
57.6074
64.8056
59.9996
64.3895
51.2058
57.19
49.2025
50.7872
63.1861
63.9992
55.9981
60.7984
52.0088
51.6138
55.5829
62.3947
50.4118
49.6017
59.6175
65.2234
60.3833
50.0056
58.8062
62.7882
61.5809
61.202
59.2002
56.402
57.9981
56.8112
63.6019
54.0452
54.0329
63.7936
57.7987
49.7973
64.5805
50.9824
63.3995
62.5999
51.4093
59.4016
61.8073
50.1855
58.5955
57.4053
52.1931
60.5941
63.0268
56.9964
49.4216
50.5991
60.1989
60.9975
55.8154
61.3949
65.0084
53.7924
58.1748
51.7912
62.1839
55.4166
58.9887
56.182
53.39
59.8111
64.2099
52.5996
49.0082
64.7831
57.6117
62.4078
60.023
53.9972
51.9962
50.7938
53.1944
53.58
57.1973
49.2095
50.3874
61.9935
49.9971
59.5869
65.2028
58.4106
52.7913
63.2401
55.5974
63.9865
59.2
62.7813
63.5844
60.4097
61.1994
64.4046
57.9972
52.3928
58.8014
51.61
55.9962
55.2106
49.5967
56.8087
60.7914
61.5973
51.1869
53.8
64.5971
64.2104
64.9996
60.6139
63.3994
58.6157
53.3831
51.4083
63.0147
49.8106
50.1803
54.9954
59.8079
63.7927
52.5876
61.0053
51.808
60.1914
58.1986
49.392
53.0022
59.4012
57.0008
62.6089
61.7997
50.9919
61.3789
48.9967
62.2178
55.8037
54.2
56.2083
50.5855
58.9995
52.2041
62.0225
52.7855
59.987
49.9731
58.3919
55.2037
65.2008
49.5955
51.9964
51.6106
51.2048
58.8113
63.2069
64.3993
64.0035
56.3917
60.795
59.2012
63.6025
53.2225
49.1964
62.8057
50.8061
59.6159
54.8042
53.6036
54.0068
52.3908
61.2055
57.9809
54.4097
50.4056
64.8125
60.4032
62.3938
61.5834
49.3988
54.197
53.8071
52.2168
61.0044
49.8004
59.7997
61.7953
63.4
52.9982
58.5955
60.6011
52.6027
59.3948
63.799
55.8093
64.5963
48.9961
62.173
55.4119
59.011
61.3795
51.3977
51.7925
54.5665
64.2184
50.5866
50.9922
64.9911
62.6123
62.9946
60.2048
53.3955
54.9874
51.6095
61.5942
53.991
58.4037
59.9987
49.1915
62.8158
63.2066
49.6005
64.4027
60.3977
50.7901
50.4062
52.4091
60.7983
52.7738
64.8006
63.6065
54.4166
62.0019
51.2004
58.796
59.2076
65.1964
51.9939
62.4126
59.5981
53.1942
61.2028
64.0146
54.7851
53.6056
55.1852
62.6007
55.4175
53.8141
54.6017
52.2071
49.0149
60.5998
61.8112
59.0005
50.611
50.1996
60.9964
63.7775
60.2016
49.3896
59.8016
62.1901
64.2163
61.3983
53.0187
51.4135
54.2046
64.5992
65.0069
59.4024
50.9994
52.5924
49.791
62.9965
53.3936
63.4152
54.0025
53.5787
51.5851
49.5966
64.7977
60.8095
50.0096
59.9967
64.3976
65.1995
59.5909
62.4019
52.804
54.3933
53.2139
59.2038
60.402
55.6108
55.9858
49.1698
63.6051
61.205
63.2011
64
61.9766
58.8031
61.6001
62.7942
54.7946
51.1755
52.4081
50.8209
60.5972
63.0034
64.9911
48.9978
52.2043
53.8102
50.2041
62.6058
54.6075
49.3973
64.6033
52.6104
62.2053
63.8183
61.4148
60.9907
52.9968
59.4159
58.9983
64.2024
63.4024
49.7955
60.2018
59.7961
58.612
61.7994
51.4196
60.8172
64.8007
65.2057
63.1982
49.5886
62.0093
52.3939
64.0022
61.1939
50.0086
52.8221
59.2048
54.0017
59.5929
62.3945
49.1967
58.7931
61.6053
53.6041
51.6058
62.7865
63.6157
51.2119
59.9951
64.399
60.3842
48.0993
60.9956
52.5861
63.0166
53.8022
63.4035
60.1995
48.9924
62.5886
64.6072
65.0203
59.8143
61.4056
51.3787
49.3951
58.9921
53.4037
54.6024
61.7954
54.2016
62.1773
64.1984
49.8115
63.7952
50.2099
58.5918
60.6197
59.4068
49.5854
60.7896
57.5997
64.3891
59.6021
63.1927
65.2001
64.7899
60.4054
53.6039
61.6026
49.1842
59.19
63.9854
61.1968
63.5993
60.016
62.0077
62.7878
54.4009
54.0086
50.0085
58.8019
62.3983
49.0035
60.2077
64.1788
62.1981
60.6084
59.0094
63.3878
61.3948
53.8135
51.4207
61.7857
54.6021
49.7903
62.594
54.2209
49.4092
58.6062
63.7774
59.8073
64.6138
62.9988
53.3943
57.815
60.9849
59.4189
64.9963
59.1793
61.2062
53.61
54.382
62.8183
61.5882
63.1989
54.8026
54.0068
58.0142
60.4131
63.5994
64.8066
63.991
49.5673
62.3866
65.1993
59.5996
59.9904
58.8124
49.1937
64.3753
61.9904
50.0047
60.7975
62.2034
60.5776
49.3929
60.1865
53.8181
64.5745
48.9967
59.7942
65.0067
63.4054
62.6074
53.4003
63.0097
50.2143
50.6049
61.8009
49.8017
59.4124
57.8112
61.0085
61.3867
58.2025
63.7841
64.2085
61.9989
61.5842
63.2109
62.8057
63.986
53.9934
57.9947
62.3933
63.5973
60.4086
53.5968
61.2069
59.2037
51.2073
59.5897
64.4041
65.1798
49.2131
64.7985
50.3857
60.8098
49.619
50.0038
59.9839
49.8015
62.2108
64.5913
56.19
59.0106
64.9991
60.6174
63.3936
61.393
63.8055
58.6
61.7847
59.7811
50.1897
50.5973
61.0034
57.8115
60.1935
59.3951
62.9878
49.3942
64.2005
62.6076
49.0055
58.1908
62.0012
61.6139
58.0053
64.7958
58.3867
61.1937
56.4034
62.7756
59.2052
64.0033
63.5909
58.7849
64.4105
63.2015
50.4144
60.4008
49.2026
49.5971
59.5896
62.4072
65.1767
49.9896
60.7927
59.9916
61.7924
65.0021
50.1993
62.6016
60.1935
60.6043
58.2145
64.6087
49.0019
49.81
49.4118
50.5869
60.9983
61.4159
58.99
62.9996
64.2112
58.6117
63.8142
59.3795
63.4128
59.8066
62.1983
57.805
56.5914
56.1897
60.0072
56.3858
62.0287
59.1976
49.6173
58.8042
49.1998
58.409
65.1851
49.9902
63.2043
64.0164
60.8075
60.3925
61.5992
64.3955
57.9866
62.7864
64.7998
62.3997
55.9953
59.605
63.5893
50.4091
61.216
60.2045
61.0111
64.205
59.3984
49.0084
49.8025
61.4096
56.5893
63.3977
57.0028
58.2122
63.7961
62.5889
49.3923
59.7959
60.5921
57.7969
63.0032
58.5945
64.6085
62.2145
50.2109
58.9943
61.8025
56.2186
65.0057
61.1755
49.9948
49.187
60.4015
63.2088
59.5826
50.3984
62.402
64.7894
64.0089
56.797
56.4047
59.9947
60.7955
64.4017
61.5973
61.9942
63.6044
55.9902
62.809
58.8122
49.6083
65.1951
57.9901
59.216
57.1957
58.4036
61.004
58.5965
64.1946
49.8028
56.5974
50.2068
58.2176
58.9796
61.4052
62.6075
50.6048
59.4031
56.9972
49.0057
63.7919
60.2054
64.6034
63.0013
55.8045
57.4173
64.998
60.6064
62.1848
59.7903
61.7822
56.1903
63.3854
57.7999
59.1931
55.5974
56.4048
61.1979
63.9896
64.4096
62.7923
64.7925
63.1962
65.1908
49.9942
60.7834
56.7918
58.7941
60.0198
58.3866
61.9951
60.3909
56.0049
59.614
62.3972
50.4008
61.5906
63.5947
57.6001
57.2064
58.0088
64.1889
61.794
57.8118
64.609
65.0137
56.996
61.4071
55.7984
59.4109
50.2013
60.598
49.8128
58.1984
58.9893
62.1831
57.3999
60.9934
62.9842
58.6037
62.5987
63.4086
54.9966
56.2083
56.6193
63.8136
59.8132
55.394
58.009
49.5966
50.3774
61.595
55.9897
62.4127
59.2042
60.4208
61.9952
57.192
65.1989
59.6016
55.5942
57.5889
56.4001
58.3972
60.8102
50.0084
62.8021
61.1994
56.7883
63.6128
64.0144
63.1987
64.7882
55.2142
58.8016
59.9944
64.3988
54.7971
60.1707
54.6091
58.6184
60.1879
50.5882
60.999
64.2078
55.7987
58.2138
63.7892
59.3911
61.3926
65.0012
55.388
62.9997
56.2123
62.6042
50.1973
57.794
59.7862
54.9748
49.8177
56.614
64.6033
56.9965
63.4014
49.4015
62.1983
57.3979
58.9925
61.7969
59.9828
58.3903
65.1957
50.029
64.817
55.1915
57.2063
61.1907
62.8081
56.8075
58.7957
60.3955
54.7972
49.6102
57.5962
61.9898
64.3981
57.9835
50.4014
59.5961
62.4092
61.5709
63.5939
55.9968
63.9926
56.3922
63.2055
59.2095
55.589
63.3655
49.808
59.3961
60.6107
64.9919
50.208
56.9926
59.7976
61.3865
57.791
58.5847
57.394
64.1972
49.4036
60.1922
55.8107
58.1933
61.7986
50.6155
54.597
56.6053
63.7813
56.2072
62.1931
54.9965
63.0025
64.602
59.003
55.3824
61.0052
62.5827
56.414
62.801
62.0095
57.1968
57.9881
55.6013
60.3963
50.0049
56.0125
61.595
59.5836
64.4184
63.6122
54.4068
55.1914
65.206
62.3976
60.007
60.8161
50.4025
63.9819
49.5805
59.2006
54.7904
64.7908
58.3861
50.7976
63.2078
56.7849
58.8011
57.6037
61.1907
59.3858
62.5862
64.6036
64.1961
59.7902
55.0124
54.5954
54.1908
55.3778
61.8015
49.3959
57.0036
59.0258
58.6062
55.7761
65.0023
50.5911
58.1997
50.2033
56.1953
60.9918
49.8017
62.9874
63.3973
57.4133
60.1961
57.8231
56.6056
63.8014
60.5941
61.4049
62.1848
53.581
60.0241
62.016
56.8077
64.0065
60.8127
49.5895
64.4148
55.9854
55.5832
62.806
53.5861
58.7924
56.3959
53.9951
58.0002
54.4026
61.2027
63.1913
64.815
57.6317
63.6008
57.2115
54.795
59.6251
58.3909
50
50.4021
62.3825
60.4074
59.2144
55.2098
61.5796
65.2007
59.7827
55.4043
62.1997
49.8044
58.204
64.5976
64.9933
50.5999
59.0068
55.0119
56.1875
59.3935
50.1951
60.1977
52.9992
55.8101
53.7914
61.3981
57.799
62.6118
61.8008
63.7802
63.4111
64.2141
56.5851
58.591
53.381
60.9935
60.5926
63.0117
54.6028
54.2028
56.9876
57.4005
54.8025
56.0222
58.0053
55.1902
61.1963
54.3948
64.4005
65.1875
59.6143
53.604
64.016
53.2
57.6091
58.3944
55.5912
62.7913
60.3937
63.6002
59.192
64.777
58.8031
50.7997
50.3965
56.3891
62.0013
62.4089
49.9903
54.0025
59.9994
56.803
57.1899
60.8184
63.2166
61.5985
53.4009
61.4038
64.2025
62.9776
59.0093
61.8049
62.6025
54.207
61.0046
63.806
62.1949
55.3942
57.7831
57.3841
63.3844
64.5865
58.6044
50.5919
53.8021
59.8021
58.2054
56.6096
60.2052
60.6066
55.0172
55.7948
56.1864
59.395
64.9993
56.989
50.2
54.5936
54.3973
50.0005
60.3881
55.592
50.3994
58.8024
50.7865
60.7942
56.0001
63.5882
56.3907
58.4093
54.7977
60.0177
62.4105
57.5943
57.1791
53.6054
61.1934
63.9894
62.0176
55.2136
59.189
62.8125
63.1942
59.6146
64.8007
61.5924
53.213
53.9975
64.3925
65.2081
56.7886
58.0103
56.2046
65.0117
63.4036
59.0289
59.3928
57.3936
64.2103
55.0022
60.2117
55.8016
62.9919
50.9988
55.3935
50.2192
53.7911
60.6025
57.8041
62.2065
58.5991
56.5871
59.7846
51.3942
61.8139
63.8072
50.6059
52.9982
54.5878
57.0135
61.0027
53.3957
54.1994
64.601
58.1953
61.4103
62.5881
63.2258
55.2185
51.6113
56.8024
64.0089
58.7935
62.4119
56.0012
59.6149
50.8008
63.6128
61.9937
60.0053
55.5977
59.1799
65.1991
64.8056
53.5898
62.7816
49.9952
61.1947
57.9854
56.4111
61.6112
58.3941
57.5906
54.0003
53.2028
54.806
60.8148
54.3905
57.1969
50.4001
60.4055
64.3954
58.2052
57.3972
61.0111
53.3965
59.7767
58.9948
55.0076
61.3995
50.2003
55.7904
60.6093
55.3868
57.8094
53.0127
59.4062
54.6061
50.9868
60.1822
56.1786
53.79
56.602
63.0036
54.1903
64.586
64.9981
58.5993
64.1981
56.997
63.793
51.7793
51.3875
62.2162
62.5949
61.7905
63.3991
50.5866
55.2008
65.1992
57.6001
59.9935
59.2151
58.398
53.5992
64.0135
54.4183
64.4056
58.0016
52.004
51.1953
56.793
54.0056
53.1927
60.7986
60.401
50.8132
55.6025
61.9988
51.5971
57.1911
63.2176
52.8105
64.8255
62.4117
63.5889
62.7975
58.7938
61.2131
61.5897
54.8133
59.5965
56.3987
56.0202
62.2132
52.6019
55.4002
65.0092
59.4045
59.7992
64.2134
64.6053
60.9988
51.0113
55.0093
58.9949
57.0168
56.6063
52.216
51.4
60.1947
63.4038
61.8081
62.6021
53.7941
60.6234
55.7963
58.6041
53.3854
57.8072
54.191
57.392
63.7976
56.2074
51.7941
52.9951
54.5854
58.1939
63.0131
61.4169
55.2195
54.8001
51.5884
51.2002
64.79
56.4116
59.5971
53.5979
60.0014
52.7896
62.8094
60.7953
57.5914
52.4153
53.1977
61.6099
60.3857
57.9944
58.3901
53.9986
54.3888
63.5889
55.985
57.1865
63.1965
59.1973
64.0037
61.2026
58.7995
56.7978
61.98
62.3825
65.2005
55.5924
51.9917
64.4021
53.3993
62.1828
52.6076
62.6201
58.6025
60.6006
57.7853
63.3997
53.0105
59.3997
52.2056
51.8182
61.388
57.3997
60.2149
58.1955
59.0196
57.006
63.0002
54.6049
53.7971
61.0131
64.6001
55.8079
61.785
56.2084
54.2164
55.0091
51.4148
56.5931
64.1959
64.9997
55.3937
59.7939
63.7952
58.3906
65.1997
61.9998
55.198
56.4087
56.7984
55.6158
63.1894
62.3853
60.8131
52.4
64.0016
51.5937
57.1825
63.6118
53.1888
61.1828
59.5911
54.8043
58.7986
60.3982
51.999
64.4288
55.9897
52.81
60.0026
53.993
64.8007
59.1967
62.8127
53.6058
57.5937
58.001
61.6041
54.3916
51.1884
51.404
64.2085
54.5922
60.9948
64.5997
52.5955
57.806
56.9872
53.4027
63.8042
59.7893
62.9984
61.7918
58.2143
56.208
55.7974
52.9983
52.1891
61.41
62.5853
57.4063
58.997
51.8066
63.4044
53.8057
60.2123
59.4109
62.1775
58.5891
54.2217
55.4088
56.6121
55.0188
64.984
60.6016
64.3961
55.6227
56.3823
63.6106
52.7938
60.0037
56.791
57.9991
60.7763
54.4016
59.5933
53.6015
61.9902
51.5856
61.1997
61.5988
59.1876
51.1883
63.1959
52.3969
57.2021
62.4027
65.1843
64.0047
64.7893
51.9927
62.7867
60.3969
57.6016
53.2025
53.9874
55.1855
54.7935
55.983
58.4152
58.8059
54.9956
56.1933
64.2016
63.8006
51.395
58.2066
57.8008
59.4048
51.7871
59.009
60.607
58.6026
62.1977
56.5985
64.9973
55.7949
56.9969
64.6008
53.4033
52.983
57.4046
54.209
55.4055
62.9952
52.2123
59.8006
61.3803
61.8066
54.5875
63.3944
60.1739
61.012
53.7916
62.6005
52.6251
52.005
53.2032
64.0017
60.3912
52.8123
55.9767
53.6003
54.3987
55.1894
63.2051
58.8121
62.414
59.2007
53.9826
57.1921
52.3991
54.8006
62.0011
59.6081
62.8059
58.0095
56.7968
58.3954
61.1942
61.595
60.0155
56.4129
51.6029
64.7877
65.1971
57.6012
55.6132
64.4029
63.612
60.8102
52.2085
61.0137
57.0129
59.7896
54.5951
54.9994
63.8044
56.1895
57.8032
62.2071
62.592
64.9954
56.5878
59.0144
53.7822
64.1981
53.0062
53.4082
51.8147
64.5817
60.2209
55.81
58.5979
59.4065
61.8042
52.601
54.2034
61.4081
55.3892
58.1909
63.0072
60.5905
57.397
63.4017
53.1952
56.3798
57.1969
63.5972
55.1999
64.818
59.5886
52.8011
55.9967
63.2159
58.4065
64.4174
56.8
52.0043
60.8026
61.5954
53.6068
59.1922
55.5961
53.9863
59.9901
54.8128
64.0065
54.4076
65.1843
58.7892
57.6061
60.4008
52.4117
61.9981
61.2055
62.8
62.3921
58.0028
54.6002
60.2223
59.4023
63.7978
56.588
55.3933
58.5976
62.5904
65.0101
52.6008
59.7926
53.8053
61.3948
62.2157
58.9945
64.6037
55.8121
57.8051
56.9955
53.3936
57.4078
60.5982
54.2073
61.8027
62.9948
56.2126
55.0092
64.2002
63.3921
53.0094
52.2375
58.2065
60.9975
60.4019
58.4051
60.7983
51.9993
53.9932
54.393
64.4193
57.9925
59.5887
59.1911
62.003
55.9873
55.6173
63.1993
53.1947
65.1894
61.1991
63.5935
55.1961
52.8037
60.0081
58.7982
62.4035
61.6105
62.802
64.8039
57.6114
54.8151
56.792
63.9947
56.3961
57.1996
53.6188
52.4015
51.8
59.4066
52.1
64.6076
64.2198
54.2088
57.8016
56.1893
52.5891
64.9996
53.0091
52.1902
62.2032
56.5759
60.1875
56.9988
58.1916
55.806
63.4049
63.8092
57.3906
55.4025
63.0091
58.5919
60.5985
53.8026
53.4218
59.7976
62.6032
54.5973
60.9976
54.9993
61.7992
61.406
59.0038
64.4133
61.5975
64.0053
62.0086
55.6097
59.205
62.3894
60.8084
57.2087
64.823
56.7927
63.1943
65.1888
53.6039
58.3938
54.3842
60.4064
59.9888
57.9865
52.7942
58.7999
54.0021
63.6023
52.4069
55.1987
54.8074
56.003
59.6195
57.6041
53.2106
62.8164
61.1996
56.4034
52.4667
59.0092
53.8054
64.5985
57.8071
60.1741
55.8232
63.8151
57.4102
62.9947
63.4125
65.0064
59.8005
53.4141
62.1917
52.9934
61.7988
55.4023
58.5894
58.1933
54.5897
61.4099
55.0123
57.0013
64.2024
56.6028
56.1782
62.5833
59.392
60.5915
54.1953
52.9667
56.3937
62.3987
57.2066
57.9962
64.8045
64.3992
59.6008
63.1789
62.8027
54.8193
53.9927
63.5953
59.202
55.2042
56.7798
65.1964
61.9806
56.0068
60.408
53.2093
58.4063
59.9952
54.3968
53.593
61.609
60.8005
58.8022
57.6025
55.5989
61.1994
64.0107
56.9973
52.9965
53.3945
63.7986
56.1965
63.4155
54.6097
55.4015
62.1997
59.0268
55.0072
59.8122
62.5922
65.0043
59.3898
61.7959
62.9863
64.1964
58.1998
60.6043
53.8108
52.5901
64.6209
57.4168
54.1998
57.7957
58.6056
56.5804
55.7928
52.8046
56.419
62.8105
58.8093
55.6092
64.4116
53.1988
63.5901
64.7869
60.8009
65.2059
56.0135
53.5975
63.9957
61.2026
62.3919
56.8074
57.1898
57.6063
62.015
54.4017
63.2067
53.9914
55.2195
58.405
54.7935
58.0014
53.0667
53.1833
63.3871
64.2047
62.9983
54.2136
55.8123
63.8119
60.1815
57.3973
53.4041
56.977
58.188
59.0036
53.8076
64.9862
54.5957
58.6044
64.604
56.6129
56.2017
52.5918
57.8051
55.4099
55.0051
62.6094
62.7978
57.2051
58.0028
54.3914
55.5974
54.8028
53.5922
65.1944
59.2068
64.4172
53.9993
63.1939
64.7947
52.8075
52.6667
64.0043
58.3929
55.1956
63.6094
56.0022
56.3788
57.6053
56.7978
53.7955
55.4079
63.7871
53.3889
62.6069
54.9988
56.5988
58.1852
54.199
64.9948
58.9906
62.2021
55.7951
59.3929
57.8032
63.0078
56.9984
56.2271
57.3988
54.5932
63.3941
64.5953
64.2016
53.9974
55.5886
57.5962
58.0122
54.7937
59.1981
64.3966
54.3826
63.5832
55.9821
56.782
65.2023
58.45
57.201
53.6008
55.1941
64.7971
62.8255
58.3914
63.9962
56.3872
63.1978
53.408
57.7942
58.2164
65.011
64.6085
56.2206
62.9875
56.5958
54.6087
53.7958
54.2043
55.7852
55.3993
64.2123
56.9993
63.8075
63.3986
57.3899
55.0094
56.3978
65.1959
55.2017
56.7956
53.5905
64.8019
64.005
58.0009
54.8004
55.9975
62.7941
62.4012
55.5895
57.6213
54.3955
57.1899
60.4149
64.4208
53.9874
63.1986
63.5964
55.0009
54.5976
62.9802
57.4008
64.6006
63.8029
56.586
58.2041
57.8151
64.2011
64.9885
54.1961
55.8013
63.3933
53.7935
56.1982
55.4041
56.991
56.7951
62.7927
55.9939
64.009
54.4004
57.998
54.0035
56.3897
64.3804
55.1879
57.6051
63.2088
65.1936
57.1983
55.6066
63.5938
53.607
54.8023
64.796
57.4196
54.2087
64.1954
53.7853
56.5887
63.4198
63.806
63.0049
54.5796
56.9994
65.0042
57.8037
55.0021
55.7895
56.2052
64.6172
55.3947
57.1808
63.6242
64.4033
64.0016
63.195
58.0211
56.7901
65.1965
56.4115
54.0092
54.4053
55.6016
55.9985
64.8071
55.1984
57.5953
54.7884
54.1998
53.8054
57.7929
57.407
64.2048
63.3972
54.597
55.4006
56.5909
63.7896
56.2115
56.9972
65.0126
64.6081
55.8041
54.9953
63.5982
55.9896
54.0022
63.9967
55.2068
54.8115
63.1863
64.8106
57.1946
64.3848
61.2073
56.786
56.4047
54.3966
55.6014
65.1983
57.6104
56.2045
55.8143
63.8121
53.8039
57.3896
56.9989
64.2131
57.8002
54.5861
65.0083
55.4029
54.1968
64.599
56.6093
55.0013
64.3903
65.2143
63.6095
63.2165
56.0049
64.0109
64.7896
55.6062
54.4075
57.2149
57.6151
57.9988
54.0059
54.7964
56.7965
55.2107
56.4156
56.3676
56.0022
55.7382
56.698
56.697
56.703
56.778
53.7992
64.9835
63.0081
54.197
56.6114
64.5851
57.006
56.55
55.4061
55.0061
64.1927
57.4039
63.7933
54.5926
63.395
57.7894
65.1974
54.0011
64.3808
55.22
64.8036
58.001
54.4135
53.6079
54.8043
57.604
57.1943
64.0096
55.4715
55.0183
56.583
55.088
57.116
58.2009
63.804
64.6183
57.3911
65.0032
53.8667
53.8667
54.1956
64.2106
54.5972
57.7889
58.3994
57.2206
65.1908
64.7929
57.6023
64.4065
64.0106
57.9761
54.0048
54.1333
56.7945
56.7989
58.2062
57.8048
57.4163
65.0073
64.5899
58.5903
64.2072
63.7965
53.8961
58.0162
65.2028
63.6063
64.3777
64.7927
57.2129
63.9868
58.3876
57.5961
54.0167
54.8002
55.0449
54.8017
58.1985
57.3981
58.6095
64.9838
63.7892
64.5974
64.1949
57.7983
64.0042
57.251
57.6011
64.3906
64.7968
58.4023
58.0082
65.1918
54.905
58.793
55.513
55.2627
54.913
54.4675
55.271
57.8007
58.182
58.5994
64.6039
65.0036
57.0493
64.1959
54.6508
54.6583
57.594
54.9861
54.6833
58.8035
54.6853
58.395
57.593
65.2072
58.0094
64.3895
64.0066
54.7991
64.7909
55.5986
55.822
55.5638
54.375
56.153
55.0951
55.094
54.942
54.5955
58.1809
58.602
55.8039
54.9935
59.0009
65.0087
56.9913
56.2001
57.8037
64.5968
54.7844
65.2058
64.7971
55.618
58.4138
57.992
56.8038
59.5925
58.8056
55.9894
64.3893
57.494
57.718
55.4507
55.449
54.7507
54.7513
54.752
55.0481
55.8001
58.9999
57.8239
58.1973
64.5922
64.9903
56.9957
57.4138
54.9879
56.5337
56.5337
58.5938
56.6035
54.5973
55.1396
55.1396
54.4075
65.1957
58.0045
59.2131
55.5956
57.1918
56.8039
58.4076
54.0094
54.1005
53.9843
56.0022
54.7934
64.8043
58.8006
57.592
54.9513
54.9633
57.296
57.2967
56.416
54.3673
54.1838
55.4153
55.0194
54.6146
57.3994
58.5965
63.8047
57.7869
58.9934
65.0043
56.2112
57.0021
55.8
56.5754
58.2146
55.1707
58.9333
55.3656
63.9867
54.4172
57.5794
58.3971
55.9917
54.4135
56.3819
65.1766
56.788
55.2113
57.1797
57.9998
54.0107
55.1956
64.7794
58.697
58.3533
55.88
54.663
54.663
53.8847
58.1833
57.0094
64.9843
56.1984
55.0052
56.6043
57.3985
54.2044
58.0167
57.7999
57.95
57.9882
57.9383
57.2037
58.4038
56.8033
57.8877
64.7856
56.0198
54.4085
56.399
65.1969
57.6059
57.6833
55.72
57.6173
55.9585
56.1948
54.5945
57.3991
54.1886
56.9823
56.5954
54.5764
54.5727
56.8162
57.1918
65.1878
54.401
56.38
54.892
57.1
56.2022
56.6105
56.9922
54.5938
56.1234
55.4016
55.253
54.408
55.6003
56.4102
65.2042
54.35
56.8172
55.1968
54.8009
56.09
54.953
54.9534
56.9167
56.2833
56.075
56.1983
55.6763
55.0067
54.5998
56.6126
55.3937
55.7885
55.2017
55.5969
54.3924
54.7842
55.4167
54.5933
54.9969
54.3824
54.7947
55.1989
54.9987
54.6028
54.2226
55.1901
54.8082
54.5012
54.5117
54.1167
55.425
55.0003
55.3987
54.5962
54.2085
54.3992
54.8008
53.9988
55.1805
54.5882
54.1969
53.801
55.8101
55.3921
55.0122
55.5583
55.2192
54.4068
55.575
54.0099
54.7717
55.094
55.7812
54.9965
54.615
55.0993
54.181
55.4029
55.2872
54.8127
54.3963
55.2744
55.9963
55.6042
55.249
55.2067
54.5841
55.397
54.1946
55.792
55.0641
55.058
55.1364
55.9888
54.3877
55.2001
55.596
54.8054
55.0019
54.1989
55.8122
55.3905
54.6134
54.1867
55.1925
55.9745
55.5846
54.3847
54.789
55.804
55.0077
55.4099
54.5951
55.1857
54.8115
54.3908
55.6077
56.0026
54.6056
54.9978
56.5982
55.8017
56.2235
55.3943
55.9873
54.44
55.6026
55.1961
54.8132
56.1867
55.7834
58.6108
57.8104
55.3916
57.0066
54.5953
57.4075
54.9973
55.5989
56.7974
54.7843
55.2084
58.0208
57.2186
58.4155
57.6143
55.9889
56.4083
58.1999
57.8116
58.6212
56.2017
54.9931
55.8018
55.3838
61.3995
56.5873
56.992
57.4003
55.221
56.4078
58.3914
61.5981
54.7857
56.8016
57.9791
57.5948
61.2084
56.0127
55.6083
57.2056
56.9923
55.7978
58.6118
60.9977
56.2068
57.3956
54.9984
56.5883
61.8067
61.3896
58.2058
55.3953
57.7778
58.792
60.7769
54.7936
58.3977
61.995
57.5969
61.5767
61.2244
55.1813
57.2013
56.7966
62.4017
56.0083
55.5937
57.974
56.4047
58.2052
55.7883
55.4094
60.9996
56.1931
57.3973
58.5964
60.6097
56.9858
56.583
61.4079
62.1867
57.8061
55.0017
61.8041
56.3908
58.8052
57.9985
58.3874
61.9974
56.7991
56.0016
55.21
57.2044
55.5859
60.8058
62.4012
61.6028
57.5889
61.1889
58.9932
61.4056
56.1844
54.9871
58.6005
57.8089
58.1876
55.4071
60.6081
62.6033
62.2005
61.7917
59.4051
55.8027
60.9959
56.5829
62.8014
60.4011
58.4077
60.7893
55.59
55.1846
56.8272
61.9967
61.2033
61.5843
62.4
58.0027
56.4176
55.9929
58.8097
59.2066
55.4121
59.0006
63.0047
55.793
59.4066
56.1964
62.2048
56.9978
54.6108
58.2102
61.7977
61.385
60.9951
55.001
60.6162
56.6069
58.5992
62.6139
60.2027
56.8116
59.5939
56.4
62.8111
55.1968
54.605
57.99
61.9995
62.3943
58.406
60.8111
61.5906
63.1892
57.2008
61.2004
54.3915
60.4195
54.812
55.5925
56.0119
59.1981
58.796
61.7876
59.419
57.3906
56.1939
61.4172
58.1987
56.9939
60.9858
54.9997
55.7964
62.6002
57.7913
60.2095
59.8155
63.0145
56.5925
60.6051
54.6067
58.5954
59.0104
55.4182
62.208
58.4005
60.3981
63.2064
59.2054
62.8105
57.5937
56.0181
58.7896
55.2066
61.5829
57.2299
59.9876
59.6014
62.0057
56.7849
55.6102
54.8023
61.2049
62.3991
60.8192
54.3953
58.0059
56.4054
62.9978
62.1985
57.4065
62.5961
55.8028
61.4036
61.0182
59.4014
55.4108
56.6018
59.8009
55.0083
54.5963
60.2029
56.1956
58.5932
61.8002
58.988
58.1936
60.6115
63.3851
57.7936
57.0089
63.1943
62.4022
56.4054
61.2057
59.1816
54.4003
57.9854
60.0202
61.6081
59.6036
60.3943
60.8008
54.7995
62.0147
58.7935
56.0076
58.4097
55.2004
56.8052
55.5968
57.198
62.8013
57.6012
59.0125
62.5932
62.1947
58.6015
55.3945
60.603
55.0143
56.1969
61.3726
59.7912
60.9937
62.9816
57.3895
58.1794
56.601
54.6199
55.8034
57.7996
61.8021
63.3818
57.0015
59.3907
60.7858
57.2076
58.7939
62.4067
56.4045
62.795
60.4148
55.5951
62.0029
55.202
57.6048
63.5898
61.2035
58.404
56.0174
58.0056
59.1831
59.5996
56.7879
61.6087
60.0042
63.2168
55.7945
59.3838
55.3922
58.5964
58.9837
56.2073
62.5922
60.9995
55.0029
61.3996
56.594
60.5978
57.392
63.0042
58.1872
63.419
57.0094
62.1989
61.8035
57.8141
59.7776
59.6134
55.1997
62.3843
60.4232
55.9925
58.0072
63.6028
62.0041
61.6048
58.8064
60.7836
59.1891
57.601
57.1998
56.7765
62.8004
58.4181
55.5972
56.3917
61.1998
63.1945
63.4083
56.5909
59.4167
59.7869
55.0007
57.8003
55.8073
62.1771
55.3805
62.5815
58.9951
60.9882
58.6116
62.9909
61.4006
60.5964
63.8215
57.0138
57.4082
58.2117
60.191
56.2036
61.8057
56.8097
55.1957
55.9929
59.2128
61.9835
63.5917
57.5952
60.8043
58.798
57.1876
55.6
62.384
59.5822
62.8019
58.3969
57.9828
61.1947
60.3917
56.4017
61.5919
63.2027
60.0098
57.0247
63.8096
62.5788
57.7975
59.0028
60.5942
58.6035
60.9945
63.0065
63.3835
59.4133
55.013
57.3939
60.1866
59.7977
61.8188
64.1978
61.4122
62.2114
55.3972
58.1941
62.4034
61.1948
57.186
60.4036
59.1856
58.3945
57.9895
64.0004
62.0091
63.6037
59.5992
64.8031
58.7943
60.8224
63.1933
57.5903
61.5958
60.0148
59.3879
61.3995
63.7972
64.2042
61.795
57.8026
57.4019
58.9925
59.7927
63.3902
58.1743
64.6139
58.5867
60.1918
64.9842
60.4246
63.6123
58.3932
61.5991
64.7958
59.6104
64.0052
60.0044
57.996
65.1886
58.7987
57.6066
59.2024
64.4117
64.5906
64.2022
59.7947
58.5821
63.779
65.0065
58.999
59.396
58.1994
57.779
63.4069
64.8162
65.189
63.1962
58.8158
59.585
63.5994
59.2039
60.4013
63.9975
59.9996
64.4015
57.9836
0
0
0
0
0
0
0
0
0
0
0
0
0
0
0
0
0
0
0
0
0
0
0
0
0
0
0
0
0
0
0
0
0
0
0
0
0
0
0
0
0
0
0
0
0
0
0
0
0
0
0
0
0
0
0
0
0
0
0
0
0
0
0
0
0
0
0
0
0
0
0
0
0
0
0
0
0
0
0
0
0
0
0
0
0
0
0
0
0
0
0
0
0
0
0
0
0
0
0
0
0
0
0
0
0
0
0
0
0
0
0
0
0
0
0
0
0
0
0
0
0
0
0
0
0
0
0
0
0
0
0
0
0
0
0
0
0
0
0
0
0
0
0
0
0
0
0
0
0
0
0
0
0
0
0
0
0
0
0
0
0
0
0
0
0
0
0
0
0
0
0
0
0
0
0
0
0
0
0
0
0
0
0
0
0
0
0
0
0
0
0
0
0
0
0
0
0
0
0
0
0
0
0
0
0
0
0
0
0
0
0
0
0
0
0
0
0
0
0
0
0
0
0
0
0
0
0
0
0
0
0
0
0
0
0
0
0
0
0
0
0
0
0
0
0
0
0
0
0
0
0
0
0
0
0
0
0
0
0
0
0
0
0
0
0
0
0
0
0
0
0
0
0
0
0
0
0
0
0
0
0
0
0
0
0
0
0
0
0
0
0
0
0
0
0
0
0
0
0
0
0
0
0
0
0
0
0
0
0
0
0
0
0
0
0
0
0
0
0
0
0
0
0
0
0
0
0
0
0
0
0
0
0
0
0
0
0
0
0
0
0
0
0
0
0
0
0
0
0
0
0
0
0
0
0
0
0
0
0
0
0
0
0
0
0
0
0
0
0
0
0
0
0
0
0
0
0
0
0
0
0
0
0
0
0
0
0
105
104
0
0
0
0
0
0
0
0
0
0
0
0
0
0
0
0
0
0
0
0
0
0
0
0
0
0
0
0
0
0
0
0
0
0
0
0
0
0
0
0
0
0
0
0
0
0
0
0
0
0
0
0
0
0
0
0
0
0
0
0
0
0
0
0
0
0
0
0
0
0
0
0
0
0
0
0
0
0
0
0
0
0
0
0
0
0
0
0
0
0
0
0
0
0
0
0
0
0
0
0
0
0
0
0
0
0
0
0
0
0
0
0
0
0
0
0
0
0
0
0
0
0
0
0
0
0
0
0
0
0
0
0
0
0
0
0
0
0
0
0
0
0
0
0
0
0
0
0
0
0
0
0
0
0
0
0
0
0
0
0
0
0
0
0
0
0
0
0
0
0
0
0
0
0
0
0
0
0
0
0
0
0
0
0
0
0
0
0
0
0
0
0
0
0
0
0
0
0
0
0
0
0
0
0
0
0
0
0
0
0
0
0
0
0
0
0
0
0
0
0
0
0
0
0
0
0
0
0
0
0
0
0
0
0
0
0
0
0
0
0
0
0
0
0
0
0
0
0
0
0
0
0
0
0
0
0
0
0
0
0
0
0
0
0
0
0
0
0
0
0
0
0
0
0
0
0
0
0
0
0
0
0
0
0
0
0
0
0
0
0
0
0
0
0
0
0
0
0
0
0
0
0
0
0
0
0
0
0
0
0
0
0
0
0
0
0
0
0
0
0
0
0
0
0
0
0
0
0
0
92
0
0
0
0
0
0
0
0
0
0
0
0
0
0
0
0
0
0
0
0
0
0
0
0
0
0
0
0
0
0
0
0
0
0
0
0
0
0
0
0
0
0
0
0
0
0
0
0
0
0
0
0
0
0
0
0
0
0
0
0
0
0
0
0
0
0
0
0
0
0
0
0
0
0
0
0
0
0
0
0
0
0
0
0
0
0
0
0
0
0
0
0
0
0
0
0
0
0
0
0
0
0
0
0
0
0
0
0
0
0
0
0
0
0
0
0
0
0
0
0
0
0
0
0
0
0
0
0
0
0
0
0
0
0
0
0
0
0
0
0
0
0
0
0
0
0
0
0
0
0
0
0
0
0
0
0
0
0
0
0
0
0
0
0
0
0
0
0
0
0
0
0
0
0
0
0
0
0
0
0
0
0
0
0
0
0
0
0
0
0
0
0
0
0
0
0
0
0
0
0
0
0
0
0
0
0
0
0
0
0
0
0
0
0
0
0
0
0
0
0
0
0
0
0
0
0
0
0
0
0
0
0
0
0
0
0
0
0
0
0
0
0
0
0
0
0
0
0
0
0
0
0
0
0
0
0
0
0
0
0
0
0
0
0
0
0
0
0
0
0
0
0
0
0
0
0
0
0
0
0
0
0
0
0
0
0
0
0
0
0
0
0
0
0
0
0
0
0
0
0
0
0
0
0
0
0
0
0
0
0
0
0
0
0
0
0
0
0
0
0
0
0
0
0
0
0
0
0
0
0
0
0
0
0
0
0
0
0
0
0
0
0
0
0
0
0
0
0
0
0
0
0
0
0
0
0
0
0
0
0
0
0
0
0
0
0
0
0
0
0
0
0
0
0
0
0
0
0
0
0
0
0
0
0
0
0
0
0
0
0
0
0
0
0
0
0
0
0
0
0
0
0
0
0
0
0
0
0
0
0
0
0
0
0
0
61
0
0
0
0
0
0
0
0
0
0
0
0
0
0
0
0
0
0
0
0
0
0
0
0
0
0
0
0
0
0
0
0
0
0
0
0
0
0
0
0
0
0
0
0
0
0
0
0
0
0
0
0
0
0
0
0
0
0
0
0
0
0
0
0
0
0
0
0
0
0
0
0
0
0
0
0
0
0
0
0
0
0
0
0
0
0
0
0
0
0
0
0
0
0
0
0
0
0
0
0
0
0
0
0
0
0
0
0
0
0
0
0
0
0
0
0
0
0
0
0
0
0
0
0
0
0
0
0
0
0
0
0
0
0
0
0
0
0
0
0
0
0
0
0
0
0
0
0
0
0
0
0
0
0
70
0
0
0
0
0
0
0
0
0
0
0
0
0
0
0
0
0
0
0
0
0
0
0
0
0
0
0
0
0
0
0
0
0
0
0
0
0
0
0
0
0
0
0
0
0
0
0
0
0
0
0
0
0
0
0
0
0
0
0
0
0
0
0
0
0
0
0
0
0
0
0
0
0
0
0
0
0
0
0
0
0
0
0
0
0
0
0
0
0
0
0
0
0
0
0
0
0
0
0
0
0
0
0
0
0
0
0
0
0
0
0
0
0
0
0
0
0
0
0
0
0
0
0
0
0
0
0
0
0
0
0
0
0
0
0
0
0
0
0
0
0
0
0
0
0
0
0
0
0
0
0
0
0
0
0
0
0
0
0
0
0
0
0
0
0
0
0
0
0
0
0
0
0
0
0
0
0
0
0
0
0
0
0
0
0
0
0
0
0
0
0
0
0
0
0
0
0
0
0
0
0
0
0
0
0
0
0
0
0
0
0
0
0
0
0
0
0
0
0
0
0
0
0
0
0
0
0
0
0
0
0
0
0
0
0
0
0
0
0
0
0
0
0
0
0
0
0
0
0
0
0
0
0
0
0
0
0
0
0
0
0
0
0
0
0
0
0
0
0
0
0
0
0
0
0
0
0
0
0
0
0
0
0
0
0
0
0
0
0
0
0
0
0
0
0
0
0
0
0
0
0
0
0
0
0
0
0
0
0
0
0
0
0
0
0
0
0
0
0
0
0
0
0
0
0
0
0
0
0
0
0
0
0
0
0
0
0
0
0
0
0
0
0
0
0
0
0
0
0
0
0
0
0
0
0
0
0
0
0
0
0
0
0
0
0
0
0
0
0
0
0
0
0
0
0
0
0
0
0
0
0
0
0
0
0
0
0
0
0
0
0
0
0
0
0
0
0
0
0
0
0
0
0
0
0
0
0
0
0
0
0
0
0
0
0
0
0
0
0
0
0
0
0
0
0
0
0
0
0
0
0
0
0
0
0
0
0
0
0
0
0
0
0
0
0
0
0
0
0
0
0
0
0
0
0
0
0
0
0
0
0
0
0
0
0
0
0
0
0
0
0
0
0
0
0
0
0
0
0
0
0
0
0
0
0
0
0
0
0
0
0
0
0
0
0
0
0
0
0
0
0
0
0
0
0
0
0
0
0
0
0
0
0
0
0
0
0
0
0
0
0
0
0
0
0
0
0
0
0
0
0
0
0
0
0
0
0
0
0
0
0
0
0
0
0
0
0
0
0
0
0
0
0
0
0
0
0
0
0
0
0
0
0
0
0
0
0
0
0
0
0
0
0
0
0
0
0
0
0
0
0
0
0
0
0
0
0
0
0
0
0
0
0
0
0
0
0
0
0
0
0
0
0
0
0
0
0
0
0
0
0
0
0
0
0
0
0
0
0
0
0
0
0
0
0
0
0
0
0
0
0
0
0
0
0
0
0
0
0
0
0
0
0
0
0
0
0
0
0
0
0
0
0
0
0
0
0
0
0
0
0
0
0
0
0
0
0
0
0
0
0
0
0
0
0
0
0
0
0
0
0
0
0
0
0
0
0
0
0
0
0
0
0
0
0
0
0
0
0
0
0
0
0
0
0
0
0
0
0
0
0
0
0
0
0
0
0
0
0
0
0
0
0
0
0
0
0
0
108
0
38
0
0
0
0
0
0
0
0
0
0
0
0
0
0
0
0
0
0
0
0
0
0
0
0
0
0
0
0
0
0
0
0
0
0
0
0
0
0
0
0
0
0
0
0
0
0
0
0
0
0
0
0
0
0
0
0
0
0
0
0
0
0
0
0
0
66
0
0
0
0
0
0
0
0
0
0
0
0
0
0
0
0
0
0
0
0
0
0
0
0
0
0
0
0
0
0
40
0
0
0
0
0
0
0
0
0
0
0
0
0
0
0
0
0
0
0
0
0
0
0
0
0
0
0
0
0
0
0
0
0
0
0
0
0
0
0
0
0
0
0
0
0
0
0
0
0
0
0
0
0
0
0
0
0
0
0
0
0
0
0
0
0
0
0
0
0
0
0
0
0
0
0
0
0
0
0
0
0
0
0
0
0
0
0
90
89
0
0
0
0
0
0
0
0
0
0
0
0
0
0
0
0
0
0
0
0
0
0
0
0
0
0
0
0
0
0
0
0
0
0
0
0
0
0
88
0
0
0
0
0
0
0
0
0
0
0
0
0
0
0
0
0
0
0
0
0
0
0
0
0
0
0
0
0
0
0
0
0
0
0
0
0
0
0
0
0
0
0
41
0
0
0
0
0
0
0
0
0
39
0
0
0
0
0
0
0
0
0
0
0
0
0
0
0
0
0
0
0
0
0
0
0
0
0
0
0
0
0
0
0
0
0
0
0
0
0
0
0
0
0
0
0
0
0
0
0
0
0
0
0
0
0
0
0
0
0
0
0
0
0
0
0
0
0
0
0
0
0
0
0
0
0
0
0
0
0
0
0
0
0
0
0
0
0
0
0
0
0
0
0
0
0
0
0
0
0
0
0
0
0
0
0
0
0
0
0
0
0
0
0
0
0
0
0
0
0
0
0
0
0
0
0
0
0
0
0
0
0
0
0
0
0
0
0
0
0
0
0
0
0
0
0
0
0
0
0
0
0
0
0
0
0
0
0
0
0
0
0
0
0
0
0
0
0
0
0
0
0
0
0
0
0
0
0
19
14
16
18
79
31
72
0
0
0
0
0
0
0
28
0
0
0
0
0
0
0
0
0
0
0
0
0
0
0
0
0
0
0
0
15
109
20
17
23
0
0
0
0
0
106
113
0
0
0
0
0
0
0
0
0
0
0
0
0
111
27
78
0
0
0
0
0
0
0
0
85
0
0
0
0
0
0
0
0
0
107
116
101
95
0
0
0
0
0
0
0
0
0
71
0
0
0
0
0
0
11
0
13
63
12
114
64
0
0
0
0
0
21
0
120
96
4
99
124
0
97
0
0
0
0
0
0
0
0
0
74
52
84
87
115
43
47
0
0
0
0
0
0
0
22
0
0
0
0
0
0
0
0
0
0
0
0
0
0
1
2
121
46
34
35
98
44
0
0
0
0
0
0
0
0
0
3
110
0
0
0
45
123
0
0
0
0
0
0
0
0
0
125
127
0
0
0
0
0
132
69
5
81
10
119
0
0
0
0
0
0
0
0
0
0
0
0
0
0
0
128
62
73
0
112
0
0
0
0
0
0
0
30
0
0
0
0
0
48
7
65
33
129
133
80
0
0
0
0
0
0
0
94
0
60
103
59
0
0
0
91
0
0
0
0
0
0
6
100
82
26
0
0
0
0
0
0
118
77
0
0
0
0
0
29
75
0
0
0
0
9
0
32
0
0
0
0
68
0
0
0
42
24
122
8
56
25
57
86
0
0
0
0
0
0
0
0
0
51
0
0
0
0
0
0
0
0
0
0
131
37
117
76
0
0
0
0
0
0
0
0
0
0
0
0
0
0
67
0
0
0
0
0
36
0
0
0
130
0
0
55
0
0
54
0
0
53
93
0
0
0
0
126
50
49
0
0
0
0
0
0
0
0
0
0
83
0
0
0
0
0
0
0
0
0
0
0
0
0
0
0
0
0
0
0
0
0
58
0
0
0
0
0
0
0
0
0
0
0
0
0
0
0
0
0
0
0
0
0
0
0
0
0
0
0
0
0
0
0
0
0
0
0
0
0
0
0
0
0
0
0
0
0
0
0
0
0
0
0
0
0
0
0
0
0
0
0
0
0
0
0
0
0
0
0
0
0
0
0
0
0
0
0
0
0
0
0
0
0
0
0
0
0
0
0
0
0
0
0
0
0
0
0
0
0
0
0
0
0
0
0
0
0
0
0
0
0
0
0
0
0
0
0
0
0
0
0
0
0
0
0
0
0
0
0
0
0
0
0
0
0
0
0
0
0
0
0
0
0
0
0
0
0
0
0
0
0
0
0
0
0
0
0
0
0
0
0
0
102
0
0
0
0
0
0
0
0
0
0
0
0
0
0
0
0
0
0
0
0
0
0
0
0
0
0
0
0
0
0
0
0
0
0
0
0
0
0
0
0
0
0
0
0
0
0
0
0
0
0
0
0
0
0
0
0
0
0
0
0
0
0
0
0
0
0
0
0
0
0
0
0
0
0
0
0
0
0
0
0
0
0
0
0
0
0
0
0
0
0
0
0
0
0
0
0
0
0
0
0
0
0
0
0
0
0
0
0
0
0
0
0
0
0
0
0
0
0
0
0
0
0
0
0
0
0
0
0
0
0
0
0
0
0
0
0
0
0
0
0
0
0
0
0
0
0
0
0
0
0
0
0
0
0
0
0
0
0
0
0
0
0
0
0
0
0
0
0
0
0
0
0
0
0
0
0
0
0
0
0
0
0
0
0
0
0
0
0
0
0
0
0
0
0
0
0
0
0
0
0
0
0
0
0
0
0
0
0
0
0
0
0
0
0
0
0
0
0
0
0
0
0
0
0
0
0
0
0
0
0
0
0
0
0
0
0
0
0
0
0
0
0
0
0
0
0
0
0
0
0
0
0
0
0
0
0
0
0
0
0
0
0
0
0
0
0
0
0
0
0
0
0
0
0
0
0
0
0
0
0
0
0
0
0
0
0
0
0
0
0
0
0
0
0
0
0
0
0
0
0
0
0
0
0
0
0
0
0
0
0
0
0
0
0
0
0
0
0
0
0
0
0
0
0
0
0
0
0
0
