fground metier
1600 0.75
1600 0.75
1600 0.75
1600 0.75
1600 0.75
1600 0.75
1600 0.75
1600 0.75
1600 0.75
1600 0.75
1600 0.75
1600 0.75
1600 0.75
1600 0.75
1600 0.75
1600 0.75
1600 0.75
1600 0.75
1600 0.75
1600 0.75
1600 0.75
1600 0.75
1600 0.75
1600 0.75
14 0.5
14 0.5
14 0.5
14 0.5
14 0.5
14 0.5
14 0.5
14 0.5
14 0.5
14 0.5
14 0.5
14 0.5
14 0.5
14 0.5
14 0.5
14 0.5
14 0.5
14 0.5
14 0.5
14 0.5
14 0.5
14 0.5
14 0.5
14 0.5
13 0.5
13 0.5
13 0.5
13 0.5
13 0.5
13 0.5
13 0.5
13 0.5
13 0.5
13 0.5
13 0.5
13 0.5
13 0.5
13 0.5
13 0.5
13 0.5
13 0.5
13 0.5
13 0.5
13 0.5
13 0.5
13 0.5
13 0.5
13 0.5